bool 10 1 1 0 0 0 0 0 1 1 0
char 10 f j p o j b r p f e
int 11 39 71 24 25 85 49 89 36 30 25 91
bool 13 1 1 0 0 0 1 1 0 1 0 1 0 1
bool 15 1 1 1 0 1 1 0 0 0 1 0 0 1 0 1
int 15 91 14 19 28 33 52 87 7 42 6 92 64 68 4 77
double 16 7.86 6.44 5.77 4.97 7.68 1.73 9.01 9.63 5.75 7.62 3.8 0.09 6.08 2.9 7.77 5.67
bool 17 1 1 0 1 0 0 1 0 0 0 0 1 1 0 1 0 0
char 17 n c q q g n e e m t c i t c f q h
int 18 11 25 80 20 20 17 87 98 57 47 48 56 12 65 12 55 7 26
bool 18 0 1 0 1 0 1 0 1 0 0 1 1 0 0 1 0 0 1
char 21 q d r s o q i m n a e e n n c t r j h l n
char 21 m l m n r r g f b t j h t k q f b h t r n
bool 22 0 1 0 1 1 0 0 1 1 1 1 0 1 0 0 0 1 1 0 1 0 1
bool 23 1 0 1 0 0 1 1 1 1 1 0 1 1 1 0 1 0 1 1 1 0 1 0
char 23 m q k t j i j m m s h b c q j f i f i n h f o
double 23 9.79 5.44 9.39 0.99 2.67 2.94 2.29 6.88 6.82 4.72 0.64 3.58 0.29 9.41 0.4 1.74 7.6 2.47 9.25 5.88 6.43 5.72 7.36
int 25 15 59 31 80 95 46 63 17 78 32 50 56 9 45 49 77 86 44 27 14 46 78 15 24 27
int 26 75 60 29 66 4 92 72 74 80 44 10 16 7 48 68 11 30 58 51 52 88 91 48 42 78 8
double 27 7.27 8.68 5.72 4.32 1.47 8.78 4.08 2.3 3.71 5.82 4.87 9.23 6.41 1.85 4.56 2.93 2.67 4.86 9.03 7.16 4.24 0.95 1.68 3.38 9.72 8.5 7.54
double 27 4.92 8.73 8.03 2.64 6.51 1.26 7.08 7.05 9.72 1.42 5.88 4.42 7.65 2.99 2.74 2 9.09 1.69 9.82 0.57 1.85 4.01 3.43 5.87 5.26 4.13 8.67
bool 28 1 1 0 0 1 1 0 0 1 0 0 0 0 1 1 0 1 1 0 1 0 0 1 0 1 1 1 1
int 31 88 46 71 95 71 81 28 90 66 18 83 2 62 97 96 17 35 61 39 9 27 79 66 55 48 44 86 35 39 12 54
bool 31 1 0 1 0 0 1 0 0 1 0 0 1 0 1 0 0 0 0 0 0 0 1 1 0 0 1 0 0 0 0 1
char 32 r r s f o s k n h l l g i c g l i s n f p c c k s e k e j k r c
int 32 72 25 11 91 79 19 58 73 34 97 2 78 1 19 91 4 55 46 79 21 24 55 46 51 95 79 74 55 56 37 6 65
int 32 39 12 15 83 92 44 68 31 77 20 53 7 73 64 55 47 51 95 1 46 89 40 75 91 57 38 15 94 93 68 49 54
bool 32 1 0 0 1 1 1 0 1 1 0 1 1 0 1 1 0 0 0 1 0 1 0 1 1 1 0 0 1 1 1 0 0
int 32 38 80 24 29 49 28 26 8 2 8 85 58 42 64 15 78 19 14 27 55 61 3 61 89 51 27 97 29 11 4 83 86
bool 32 1 1 1 1 0 1 1 1 0 0 0 1 1 1 1 0 1 0 1 0 1 1 1 1 0 0 0 1 1 0 1 1
int 33 8 34 95 67 92 60 63 93 52 23 26 5 62 19 33 61 41 56 24 42 20 49 26 23 5 99 69 68 29 20 3 18 44
int 34 24 58 73 82 35 66 2 95 85 69 47 23 51 3 48 74 41 6 6 30 58 76 48 66 43 32 13 46 89 59 19 33 86 34
bool 35 0 0 1 1 1 0 1 0 0 0 0 1 0 1 1 1 0 1 0 1 1 1 0 1 1 1 1 0 0 1 0 0 1 0 0
char 37 c a c q h i j l e n d i m g b a f i l n e h f g n d a f p l o g m o e j n
bool 38 1 0 0 1 1 0 0 1 0 0 1 0 1 0 0 1 1 1 0 0 0 1 1 1 0 0 1 1 1 0 0 1 1 1 0 1 0 0
bool 38 0 1 0 0 1 0 1 1 0 1 1 0 1 1 0 0 1 1 0 0 0 0 1 0 1 0 1 0 1 0 1 1 1 0 1 1 1 1
bool 40 0 0 0 1 0 1 0 0 0 1 0 1 1 1 0 0 0 1 0 0 0 1 0 0 1 0 1 0 1 0 0 0 0 1 0 1 0 0 1 0
bool 41 0 0 1 0 1 0 1 1 1 1 0 1 1 1 1 0 1 0 1 0 1 1 1 0 1 0 1 0 1 0 0 0 0 1 0 0 1 0 0 0 1
int 42 42 86 89 61 70 59 58 22 82 48 23 71 46 26 74 2 48 23 93 12 71 14 13 63 97 66 11 98 63 86 20 24 41 5 88 8 29 96 19 78 18 52
char 42 a b m k m i q s o l h j d r e l i s n q n r m g f p h n c k o p g q l m q f o c a i
double 43 0.65 2.75 0.93 7.68 0.27 3.1 2.44 2.8 2.17 4.51 4.99 8.78 1.17 6.77 5.27 1.18 0.15 4.24 0.59 0.57 9.54 2.74 2.32 5.09 1.62 1.84 7.34 2.22 3.09 8.48 2.05 1.51 2.27 5.26 4.77 8.34 1.93 4.59 8.93 9.35 5.82 5.88 0.83
int 44 3 99 8 80 24 57 48 20 26 25 42 45 77 69 21 13 55 29 41 52 14 12 24 75 47 74 57 62 15 75 99 16 82 30 3 20 40 95 17 64 28 24 89 95
char 45 m j n m e g p c h n k c n h l m r i l a j m l n j n h f b a g g j s e f k d h n b m a r f
char 47 d l t j j o h a b r t g l b m r q l l c s m t j l q t n m k i r k r p c h h c t g k c g t g n
bool 48 1 0 0 1 0 1 1 0 1 0 1 1 0 0 0 1 1 1 0 1 1 1 1 1 0 0 0 0 0 0 0 1 0 1 0 1 1 1 1 0 1 0 1 1 1 0 1 0
double 48 5.43 5.6 0.84 9.31 8.71 2.32 9.91 9.03 8.39 0.55 5.83 2.1 4.08 6.91 5.87 5.3 6.19 3.75 8.26 2 4.6 8.87 8.24 2.45 0.15 1.58 6.49 7.41 8.25 9.39 9.25 2.79 1.09 4.22 5.11 6.12 5.85 1.49 7.05 0.86 9.5 6.18 5.03 2.72 2.57 1.49 8.69 6.35
char 48 g l m l d h c d t b r e k r g b c f t a i e d j h g p n b g g j l r l b b m p l r r a q a s b t
bool 50 1 0 0 1 0 1 0 1 0 1 1 0 0 0 0 1 1 0 0 1 1 1 0 1 0 0 1 0 0 0 1 1 1 1 1 0 0 0 0 0 0 1 1 0 1 0 1 0 0 0
int 54 21 11 6 88 16 83 80 1 5 72 80 86 36 24 6 75 56 71 42 81 12 46 67 52 50 80 68 99 33 20 27 18 37 47 60 80 36 15 67 64 3 53 48 68 86 50 13 34 12 47 13 70 38 35
char 55 h o d b c f f j o f m p i d o d d j e m d d o f r i n e g f l g h m h j e p d n i e l r m m r r r p m o p l e
double 57 3.93 3.73 3.52 5.8 5.73 9.14 0.32 6.22 8.32 4.19 7.06 8.3 9.08 3.69 8.82 4.37 4.06 1.45 5.1 1.51 2.29 1.16 4.24 7.27 6.18 4.46 0.65 7.76 6.73 8.97 7.06 4.12 9.75 2.65 1.43 7.79 9.82 4.08 2.62 0.18 7.73 4.8 4.1 4.26 9.56 4.72 4.37 0.12 8.22 9.02 4.91 2.47 8.97 8.79 5.45 5.17 0.84
bool 58 0 1 1 0 1 1 0 0 1 0 0 1 1 0 1 1 0 0 1 0 1 0 0 0 0 1 1 1 1 0 0 1 1 1 1 1 1 1 1 0 0 1 1 0 0 0 0 1 1 0 1 1 0 0 1 0 0 0
int 59 24 95 19 91 73 86 12 40 88 92 75 46 50 76 36 70 85 77 31 69 75 25 47 89 99 12 1 6 16 32 79 23 45 34 32 16 45 51 7 79 20 8 38 39 14 17 6 91 10 94 22 74 63 57 60 24 30 82 76
double 60 8.91 9.99 5.97 1.43 2.86 1.13 4.08 6.27 4.31 5.39 4.02 9.85 4.83 8.39 1.5 8.43 0.09 0.8 2.05 8.21 9.57 7.55 8.88 8.03 2.8 3.2 3.24 1.79 9.07 0.94 4.82 4.45 1.35 8.86 8.97 5.54 9.96 4.88 8.59 5.83 0.69 3.63 7.52 1.91 6.91 3.52 8.2 0.79 7.93 5.06 9.37 1.71 8.44 0.08 1.97 8.19 2.27 7.85 4.47 5.55
double 60 6.96 5.84 4.55 1.79 6.48 9.47 9.49 9.76 8.24 4.39 3.33 7.59 0.78 8.77 7.52 0.08 4.62 3.65 8.08 2.29 2.4 3.23 4.82 9.99 0.74 3.64 4.8 6.44 2.98 9.05 3.4 1.96 2.47 5.25 9.43 2.34 1.69 4.17 0.89 3.53 4.77 0.43 8.72 8.29 4.85 3.36 4.96 4.48 1.95 7.83 6.4 1.15 2.92 6.7 1.11 7.7 3.79 3.19 0.9 4.07
char 62 r r t j t m k o p h p j q l e p s h a h i i k h c h s s n n o f r l r g r t d f i r m p o i n c g k h h h s b g n g h n p e
bool 64 0 0 0 0 0 1 1 0 0 0 0 0 1 1 0 1 0 0 0 0 1 0 1 0 1 0 0 1 1 1 1 1 0 1 0 0 0 1 0 0 1 0 1 0 0 0 1 1 1 1 0 1 0 0 1 1 1 1 0 0 1 1 0 1
char 64 n i a n p r h r m n a s f p d o p o c c d q t m m k c r c h t p q m k k o r l h g p b h r n c m r g s h r t b d t f i d s h g d
int 64 40 40 28 20 18 33 57 59 18 42 53 45 55 42 73 6 48 2 29 53 74 50 40 79 35 8 34 23 54 26 38 1 10 40 66 57 85 67 75 75 3 43 65 22 16 75 15 36 65 77 18 94 36 78 62 56 51 67 32 61 84 16 16 22
int 65 39 58 96 9 32 39 35 76 45 27 65 94 78 88 78 2 29 59 98 66 7 81 77 8 87 9 60 43 18 58 42 20 58 1 16 49 80 61 93 16 48 23 67 25 51 65 35 97 5 63 68 25 70 31 8 47 66 30 71 39 34 19 10 64 28
bool 66 0 1 0 1 0 0 0 1 0 1 0 1 0 1 0 1 1 0 0 0 0 1 0 0 1 1 1 1 1 1 0 1 0 0 1 0 0 0 0 0 1 1 1 1 1 1 0 0 0 1 1 1 0 1 0 0 0 0 0 1 1 1 0 0 0 0
bool 66 0 0 0 1 1 0 0 0 1 1 1 0 1 0 1 0 1 1 0 1 0 1 1 1 1 1 1 1 0 0 1 1 1 0 1 1 0 1 1 0 1 0 0 1 0 0 0 0 1 1 0 0 1 0 0 1 1 1 1 1 1 0 0 1 1 0
int 67 32 24 89 37 58 21 56 46 60 38 83 13 73 85 30 58 90 1 33 95 89 85 49 54 38 36 51 92 82 52 84 24 23 49 6 46 77 25 48 33 33 6 74 12 19 93 60 88 49 17 63 74 74 65 26 41 22 51 69 97 31 23 33 92 86 77 27
int 71 31 50 20 29 47 6 16 68 6 58 59 46 89 48 92 19 88 71 4 49 84 81 32 98 76 35 24 64 27 92 33 50 35 13 42 88 93 59 64 49 9 10 48 23 4 44 66 98 24 51 40 41 56 64 19 82 20 87 35 95 13 4 61 20 70 73 8 86 33 23 9
char 73 t q h j t c j f c m o a a o h k f g h o b q l d j s b j e l o q a g j d i g c i p m h h p t c j d n s a l p g t i g q q p i s c p e m a l d n t m
int 73 51 37 82 35 95 21 17 99 21 69 27 25 8 73 10 96 70 78 35 79 96 63 41 56 9 31 24 16 25 63 85 9 55 4 4 78 23 51 28 70 41 6 91 37 96 8 9 71 2 23 88 7 98 56 42 31 95 77 74 25 33 80 89 51 26 86 32 65 92 93 72 72 43
char 74 s i h q e e t r p r c i q s r t m i j q c b a l t g e s g s a k q h i c m k c s o r k n o j c h c r e c i d q d e j c l e h j h h i b d s m s j r i
int 74 25 65 41 61 49 28 17 61 35 59 29 51 41 60 99 66 39 30 38 13 22 85 16 13 36 44 65 77 29 69 22 12 56 64 77 57 52 30 55 6 87 92 78 83 35 61 19 88 56 8 47 86 19 64 81 47 96 46 84 87 50 97 38 42 3 77 78 79 58 80 68 55 6 11
double 75 2.91 2.34 1.83 5.67 9.88 5.03 2.35 8.85 4.98 4.71 2.85 6.74 7.72 2.8 4.49 3.62 2.16 8.17 5.66 5.66 3.6 6.28 9.16 5.49 2.92 8.96 7.45 6.53 2.22 7.36 1.38 7.95 0.27 1.54 8.02 9.48 5.26 9.81 9.16 9.81 8.07 0.88 9.44 1.9 0.18 5.29 8.99 8.98 4.4 4.46 0.97 8.9 5.77 9.84 2.22 0.6 8.53 1.38 2.09 0.21 9.7 9.24 8.71 6.05 5.5 0.74 5.49 2.28 7.4 5.77 3.38 9.63 1.66 6.23 1.89
double 75 2.44 7.25 1.95 4.32 1.11 2.3 4.67 1.11 8.89 7.92 1.93 8.17 8.63 8.17 3 2.72 8.39 5.83 9.32 7.28 0.19 3 6 1.29 5.86 5.68 9.33 7.86 1.91 9.22 3.48 9.89 6.8 6.21 7.89 2.82 6.88 2.15 3.53 6.27 9.33 7.67 9 1.87 8.09 0.98 3.78 9.38 8.66 6.27 2.1 7.27 5.92 3.2 8.04 6.25 0.81 3.83 7.93 2.4 8.23 1.54 3.58 6.79 3.46 1.24 7.94 6.1 3.62 0.41 9.47 0.16 0.7 5.86 3.56
char 76 n p c n t k l c l h i q r p a m g a r l h e m l j e c p n e g i n t c a h s t m n k p d c q i c t b i g n t b q j d q i o k n s i s q r i a m s d e o k
double 78 2.44 4.25 0.58 8.07 1.28 8.2 7.11 3.38 9.93 7.14 1.77 0.62 0.87 9.72 4.05 9.75 3.62 8.18 1.52 3.81 4.62 8.75 0.5 2.16 2.99 4.86 6.96 9.91 0.85 6.19 4.66 5.83 6.21 9.76 2.61 7.7 8.16 4.45 8.63 2.44 9.62 3 7.74 0.67 0.76 9.18 8.19 6.91 8.2 3.62 2.17 0.6 4.58 4.72 7.07 0.52 1.56 1.92 8.72 5.02 4.61 6.92 9.36 9.46 6.37 9.63 3.56 3.31 2.08 7.37 8.12 4.59 7.06 3.86 6.22 8.19 4.46 1.66
int 79 81 38 54 46 18 84 59 40 65 20 47 74 37 46 14 97 18 51 82 32 59 64 79 58 43 8 21 93 72 81 77 78 70 2 36 50 71 12 99 59 22 95 27 6 57 43 31 1 3 56 93 13 79 64 43 1 25 12 31 81 83 47 96 41 79 38 92 25 20 9 74 94 41 72 4 63 85 74 28
char 80 c r d d o q c t a a c d h f m h n e s q c c m i m t c r n q h i a g q q b k h p k d i k r j c i q b b c l m l t s s m d c t g i o f k b f r b n p h g g r q c f
char 80 o t s d o e l o h r t h l g p p e r t i e c l g r f h h e c m f d a d b j h d p a j b f k d g k b g a n p d o q i q r r k c g g b m f q a g d n b b f k g k j p
int 81 53 64 99 29 97 82 80 60 65 5 60 59 33 56 16 24 86 6 34 90 30 91 6 80 78 89 18 21 40 82 20 99 69 15 26 83 23 47 73 65 79 45 73 5 29 13 76 79 9 23 74 25 98 58 59 93 31 82 90 80 20 53 57 9 33 63 68 46 19 92 85 67 67 90 55 20 91 53 88 27 12
bool 86 0 0 0 1 0 1 0 1 1 1 1 1 1 0 0 0 0 0 1 0 1 1 1 1 0 0 1 0 1 1 0 0 1 1 1 0 1 1 0 0 0 0 1 0 1 0 1 0 1 0 0 1 0 1 1 1 1 0 0 0 1 1 1 0 1 1 0 0 1 1 1 1 1 0 0 0 1 0 0 0 1 1 1 1 1 1
double 87 7.12 0.09 3.32 2.84 7.33 0.98 6.76 6.62 8.3 5.27 5.92 4.89 6.71 9.71 0.97 3.77 7.04 3.17 6.7 9.68 6.56 4 1.24 6.23 2.76 8.82 7.37 7.17 4.79 7.3 8.96 2.4 3.58 1.45 7.33 1.15 7.18 1.45 3.3 1.3 6.93 8.71 7.62 8.88 8.68 6.71 7.39 5.42 8.12 5.82 0.61 0.53 4 9.52 8.5 5.54 5.95 3.06 6.73 2.54 4.28 6.74 0.64 9.28 5.43 0.67 2.45 3.13 6.82 5.65 2.39 4.78 2.42 0.04 4.61 1.92 5.86 6.1 0.8 6.71 8.43 2.3 9.79 4.12 4.25 0.04 7.95
double 89 2.75 1.66 1.07 7.93 6.39 8.17 3.31 4.52 4.77 2.06 0.54 9.22 4.19 6.8 8.89 6.84 1.93 9.68 7.92 6.67 4.35 7.5 2.83 2.69 3.45 0.74 3.84 1.22 6.52 2.92 4.13 9.02 9.1 6.55 0.75 8 9.78 1.22 7 4.8 4.09 7.51 0.86 1.16 3.5 4.43 0.14 2.81 5.27 9.9 8.08 4.77 4.56 7.13 8.63 6.3 3.72 1.23 0.9 1.89 1.43 5.92 4.72 1.47 1.12 9.89 4.48 4.1 7.72 5.11 5.07 3.23 1.81 6.23 6.22 3.91 3.89 7.86 5.11 1.82 7.73 4.69 6.19 8.21 2.5 8.68 4.35 2.49 4.87
int 90 48 88 10 5 72 64 97 74 85 89 57 37 24 38 25 55 13 1 59 11 99 86 66 58 37 67 89 75 35 27 1 92 12 53 74 74 21 36 45 12 85 61 27 26 11 67 50 65 27 15 62 83 60 22 48 75 21 88 56 8 90 51 28 83 6 14 23 52 39 43 73 23 61 84 58 93 1 77 75 76 29 11 84 57 95 24 51 79 19 82
double 91 9.7 1.77 3.59 8.57 5.33 1.69 1.89 1.34 8.99 9.45 3.2 1.47 8.3 6.9 9.81 1.19 0.58 6.63 6.63 1.36 2.37 9.38 3.88 0.93 2.92 5.94 6.31 6.68 7.63 1.77 6.12 9.54 7.59 3.28 6.72 1 8.95 6.27 2.44 6.56 3.32 9.92 7.04 8.47 0.24 0.52 5.19 7.64 0.32 8.4 6.67 5.95 3.48 4.31 9.69 7.9 8.79 9.59 0.99 8.49 9.02 5.02 2.72 5.91 3.57 6.04 6.86 8 7.15 9.9 3.02 1.4 3.22 6.75 8.32 9.79 5.94 4.71 4.88 9.3 2 9.18 2.93 5.27 3.02 8.61 9.56 4.82 0.16 1.15 6.23
bool 91 1 0 0 0 1 1 0 0 1 1 1 0 0 1 0 0 0 0 1 0 1 0 0 0 0 1 1 1 1 1 0 0 1 1 1 1 0 1 0 1 1 0 0 0 1 1 1 0 0 1 1 1 1 1 0 0 0 0 0 1 1 1 0 0 1 1 1 0 0 0 1 0 0 0 1 1 0 0 0 1 0 1 0 0 1 1 1 0 1 0 1
int 93 15 13 89 33 58 99 78 46 42 27 17 19 47 4 61 32 30 25 95 94 96 46 84 33 14 30 8 18 84 18 2 5 93 24 6 8 44 2 67 3 5 46 28 18 64 39 5 4 11 34 53 96 34 89 27 54 66 37 23 42 63 29 4 30 54 40 31 35 55 69 73 63 33 35 34 62 80 94 99 14 82 3 8 68 58 93 39 51 99 77 5 47 62
double 93 8.04 7.68 4.04 1.96 5.83 6.46 0.44 3.45 8.94 4.88 9.46 8.97 2.34 4.64 5.68 9.33 2.24 6.48 4.66 3.61 3.66 1.42 3.68 4.57 3.23 4.71 3.34 1.41 8.68 1.6 8.89 8.67 7.92 2.66 1.06 3.98 2 9.11 4.11 6.92 7.21 2.93 5.2 0.47 5.05 2.61 0.11 9.76 0.29 4.86 5.66 9.96 2.38 3.32 1.45 8.84 1.2 0.44 5.32 7.87 8.61 6.84 5.26 3.38 4.13 9.84 0.16 9.85 7.15 9.3 2.36 3.98 0.31 7.28 7.82 6.35 3.52 3.06 6.33 0.05 1.77 3.8 8.75 1.27 4.73 6.45 3.9 9.81 3.51 7.36 5.7 6.26 9.34
char 94 b g h a s d a h g e k c t f a o f e q c f c b i g l g k b c s j n d t h o g c k s e b g h j g f t s e e s m s t j r f c e f b d a g q s a s e q b t j r b r i g a p r a c p p s r t b p l o
int 96 55 94 47 73 75 78 11 53 79 54 11 55 36 9 91 42 64 9 83 14 25 24 59 67 68 53 72 94 36 45 35 45 36 1 71 91 6 74 57 99 1 88 4 17 15 52 21 17 95 53 21 92 25 72 15 44 35 68 32 46 5 95 73 32 64 98 43 50 31 16 86 32 88 7 94 83 8 60 97 84 9 78 17 77 28 91 40 47 56 31 34 20 24 64 91 92
double 98 6.02 3.95 8.19 4.28 3.85 6.34 0.02 6.57 7.2 5.97 1.82 2.77 1.25 5.03 0.02 1.91 0.87 5.11 3.06 3.93 7.16 7.66 0.84 6.99 6.62 7.13 4.82 1.53 9.63 2.41 7.8 2.21 8.52 6.28 4.92 3.84 7.39 4.3 1.37 0.88 4.4 0.96 4.7 8.9 4.91 8.99 9.72 6.26 3.33 5.21 9.53 7.88 2.25 7.27 8.82 8.12 5.39 9.76 3.86 6.89 9.87 2.62 4.29 0.49 7.54 3.42 7.46 7.54 9.89 1.05 8.94 6.74 4.34 5.73 3.44 2.89 2.45 8.93 9.29 3.49 7.07 8.03 8.1 7.3 2.51 5.39 8.34 3.35 3.6 0.06 6.7 0.47 9.24 9.8 5.1 1.97 0.88 6.87
bool 98 1 1 1 0 1 1 0 0 0 0 0 1 0 0 1 1 0 1 0 0 1 0 0 1 1 1 1 1 0 1 1 1 1 0 0 1 1 1 0 1 0 0 1 0 0 0 1 0 1 1 1 1 1 1 0 0 0 0 0 0 0 1 1 1 1 0 0 0 1 0 0 1 1 1 1 1 0 1 0 1 0 0 0 1 1 1 1 0 0 1 0 1 0 1 1 0 1 1
double 100 4.07 5.98 0.51 4.65 3.27 0.31 3.29 9.73 1.41 8.23 9.17 2.38 3.31 3.82 4.39 0.08 7.2 9.1 0.38 3.33 1.93 8.81 3.13 4.74 5.16 1.54 2.53 0.07 0.82 8.39 1.38 2.22 0.22 9.14 6.93 6.85 8.56 1.11 5.66 0.46 8.08 6.16 3.71 3.33 7.76 3.12 7.99 4.79 6.29 4.7 0.59 7.5 2.28 1.72 9.7 8.8 7.4 2.15 4.45 1.54 5.57 7.77 3.66 1.97 1.86 8.54 5.09 8.87 7.43 7.9 7.39 1.68 1.72 5.46 0.74 1.48 5.59 9.9 9.32 9.06 2.62 9.21 4.43 3.84 7.37 3 8.9 7.33 2.72 1.01 9.09 6.52 6.1 6.54 5.63 7.24 9.54 4.72 9.97 7.42
char 100 d o p e q a q d m f b s l g p g o o h d q j r t k h i g i o f c f e g k c r i e p f l d n t r r f p a g r d l o l h i e i q n b m n l s s t o t j c q i f q q b i h o r p t o c q n q t o e g j j c k q
int 102 97 14 64 48 62 29 23 47 4 25 63 94 62 12 73 94 92 94 61 31 88 81 31 13 67 19 86 67 68 99 26 79 33 56 1 78 66 16 36 25 16 59 67 23 10 32 54 36 51 72 17 62 38 32 82 76 94 30 75 72 72 44 87 40 87 2 30 37 99 93 78 1 13 95 46 33 60 78 58 12 14 21 83 77 16 22 50 62 99 28 18 62 65 7 71 67 45 91 51 1 91 93
bool 104 0 0 0 0 1 0 0 1 0 1 1 1 0 0 0 1 0 0 1 1 0 1 0 1 0 1 1 0 0 0 1 1 1 0 1 1 0 1 0 1 0 0 0 0 0 0 1 1 1 0 1 1 0 0 1 0 1 1 1 1 0 0 1 1 1 1 1 1 1 1 1 1 1 0 1 0 0 0 0 0 0 1 0 0 0 0 0 0 0 1 1 1 1 0 1 0 0 0 1 1 0 0 1 1
char 104 t r g q c o g o i b r q d s d j m c f j l k c r t h h s f j m d t q n k c o t f j n s k i k a c c r t j e i l t h n q c j q t q e p j e f m c l q t b l q a c f h l r j b m f d a m r r j k q c n q g e a p g t
double 104 4.49 2.36 2.51 4.59 8.76 5.17 4.7 3.42 6.86 5.91 9.48 2.03 6.5 7.45 0.88 4.11 7.14 9.25 5.44 8.83 7.48 7.34 6.7 9.38 5.18 7.46 6.08 1.43 7.1 8.48 0.16 3.59 4.53 1.24 1.33 5.85 8.67 0.77 5.67 9.3 1.56 4.07 0.39 1.49 0.74 4.74 6.33 8.24 7.51 0.61 9.63 1.23 6.3 5.02 9.22 1.4 9.38 3.47 3.62 5.42 6.96 0.61 9.45 9.85 9.08 1.21 3.69 7.05 6.72 1.47 6.08 4.04 5.74 9.79 9.8 5.01 6.3 0.06 1.18 6.83 2.36 8.06 4.38 6.62 8.47 1.82 7.48 5.18 5.13 0.95 0.33 6.65 6.59 6.25 4.47 5.44 4.31 2.95 9.8 8.73 4.17 6.66 1.54 1.78
double 105 5.57 9.31 3.83 1.7 5.21 6.79 3.92 0.63 1.79 5.97 9.76 5.19 6.65 9.4 0.12 8.66 5.46 0.88 6.12 9.62 2.01 1.96 0.9 8.99 8.37 4.34 4.84 9.79 8.98 3.29 6.35 8.11 6.63 2.59 5.46 8.31 4.39 8.29 2.3 4.49 9.01 8.67 2.59 8.8 5.43 7.41 6.9 4.48 7.68 6.98 4.23 3.05 7.57 0.59 8.36 3.09 5.4 0.07 8.75 3.08 2.73 6.8 0.97 7.89 5 4.06 6.82 2 8.95 5.14 2.11 7.56 2.28 0.87 1.95 9.79 1.88 9.84 3.15 4.1 4.39 2.96 9.84 9.3 8.13 7.63 0.53 1.84 4.64 7.79 7.94 1.22 9.5 0.1 5.84 2.68 4.42 5.92 1.56 0.16 2.94 7.96 2.95 2.32 9.5
bool 105 0 1 1 0 0 0 1 0 0 0 0 0 1 1 0 1 1 0 0 1 1 1 0 0 0 0 1 0 0 0 1 0 0 1 1 0 0 0 1 1 0 1 1 1 0 1 0 1 1 1 1 1 1 1 0 1 0 0 1 0 0 1 0 1 0 0 1 0 1 1 1 1 1 1 1 0 1 0 0 1 1 1 1 0 1 1 0 1 0 1 0 1 0 0 0 0 0 0 0 0 0 0 1 1 0
bool 107 0 1 1 1 0 0 1 0 0 1 0 0 0 1 0 0 0 1 1 0 0 0 1 0 0 0 1 0 1 1 1 0 0 0 0 1 0 0 0 1 1 1 1 1 1 1 0 0 1 0 1 1 0 0 1 0 0 0 0 1 0 1 0 1 1 0 0 1 0 1 0 0 1 1 0 0 1 1 1 1 0 0 1 0 1 1 0 1 1 0 0 0 1 1 1 0 1 1 0 0 1 0 1 0 0 1 0
int 108 49 47 41 92 77 35 68 2 3 20 98 72 22 89 87 95 80 61 66 32 89 6 23 1 14 81 68 34 62 4 38 17 60 14 40 87 49 71 42 67 41 60 96 33 98 57 16 4 10 61 88 31 91 41 64 39 72 19 89 86 28 1 53 97 63 44 72 15 5 43 67 94 25 46 7 22 47 69 20 55 5 34 83 40 85 31 68 18 40 88 30 7 59 11 17 35 17 18 42 35 69 29 99 73 21 44 70 43
bool 109 1 1 1 0 0 1 0 1 0 0 0 0 0 1 1 1 0 0 0 0 1 1 1 1 0 1 0 0 0 0 1 0 1 1 1 0 1 0 0 0 0 1 1 0 1 1 1 0 0 0 0 0 0 0 0 0 1 0 0 0 0 0 1 1 1 1 1 0 0 1 0 0 0 0 1 1 1 0 0 0 0 1 0 1 0 0 0 1 1 0 1 0 0 1 1 0 1 1 1 1 1 0 0 0 1 0 1 1 1
char 109 p d l p d n o s r q t g h b s q i f d s b r e q e j i h f r j q g d l c q l c c n m s i j s h l n t h h n n a c h i m t s g n q q s i h n a g j n c i k l k h a b l g r b s p b f l m b b o a h a f g e g c s n g b o k g
