bool 10 1 1 0 0 0 0 0 1 1 0
char 11 t h f q f d a e i p p
int 11 73 5 66 78 46 49 74 5 73 49 98
bool 12 1 0 1 0 1 0 0 0 0 0 0 1
bool 13 0 1 1 1 1 1 1 1 1 1 1 0 1
bool 15 0 0 0 0 1 1 0 1 0 1 1 1 0 0 1
char 15 k e n b h t e r k b b f c m m
bool 16 0 0 0 1 0 0 0 0 0 1 1 0 0 0 1 0
bool 16 1 1 0 1 0 0 0 0 1 1 0 0 1 0 1 0
int 16 64 68 96 10 52 63 49 12 19 7 64 91 78 6 89 62
int 19 76 27 86 17 61 12 95 18 57 92 98 77 36 88 98 26 88 6 83
bool 19 1 1 0 1 0 1 0 0 0 0 1 1 1 0 1 0 1 1 1
double 19 6.69 1.76 1.93 4.2 9.5 5.12 1.83 8.57 4.78 8.93 4.3 1.37 7.93 2.99 3.89 6 8.67 5.12 1.53
char 21 r j p j g g s f c s n t d d d t b o o p c
char 21 q d r s o q i m n a e e n n c t r j h l n
int 22 81 22 90 43 82 82 46 57 42 48 55 59 1 16 22 50 26 37 84 27 43 39
bool 22 0 1 0 1 1 0 0 1 1 1 1 0 1 0 0 0 1 1 0 1 0 1
double 23 8.06 3.49 4.16 7.86 3.19 3.68 1.35 2.18 9.31 4.45 0.29 3.85 8.27 9.44 4.94 4.23 9.08 9.19 0.7 2.48 9.29 4.75 1.68
double 25 5.03 0.91 1.49 7.69 2.28 6.23 0.31 1.54 0.85 7.64 6.96 8.81 5.86 9.35 3.02 0.54 0.29 7.01 9.6 7.18 7.66 8.75 0.5 6.93 0.1
int 25 81 53 82 69 46 48 29 52 56 29 36 93 76 35 78 82 24 36 60 96 19 45 28 36 45
double 27 7.27 8.68 5.72 4.32 1.47 8.78 4.08 2.3 3.71 5.82 4.87 9.23 6.41 1.85 4.56 2.93 2.67 4.86 9.03 7.16 4.24 0.95 1.68 3.38 9.72 8.5 7.54
bool 30 1 0 1 0 1 1 1 1 1 0 0 1 1 0 1 1 1 0 0 0 0 0 1 1 1 0 0 1 0 0
int 31 30 36 72 59 93 5 36 47 28 15 7 40 66 59 15 96 63 34 30 63 57 39 58 49 15 18 93 98 48 42 87
double 32 9.58 6.82 5.59 5.63 4.86 9.75 4.47 8.07 5.23 1.1 7.6 6.58 8.83 1.73 2.92 8.64 8.53 2.67 5.34 1.07 3.76 7.19 5.38 6.29 8.39 9.23 8.82 0.97 3.36 6.68 1.59 0.35
char 33 i j r t m r h p q d g t c i i b s i l c l p t d g r j h q k j j s
int 34 24 58 73 82 35 66 2 95 85 69 47 23 51 3 48 74 41 6 6 30 58 76 48 66 43 32 13 46 89 59 19 33 86 34
bool 35 0 0 1 1 1 0 1 0 0 0 0 1 0 1 1 1 0 1 0 1 1 1 0 1 1 1 1 0 0 1 0 0 1 0 0
bool 38 1 0 0 1 1 0 0 1 0 0 1 0 1 0 0 1 1 1 0 0 0 1 1 1 0 0 1 1 1 0 0 1 1 1 0 1 0 0
char 39 a t c g h r q s n j o j q f s t r e a q s r n c t h b e a c a i a e m q g j i
char 39 i r l i n j i o k q i b k e s d b k s e n a e a l a b d m b i k f o m b i k t
int 40 39 84 24 62 3 73 91 68 82 61 15 63 65 97 33 26 71 3 94 31 99 83 80 37 62 59 93 99 4 66 35 38 63 4 10 96 83 23 38 93
int 41 27 8 89 66 22 10 51 42 15 54 21 35 88 58 34 35 64 54 86 6 50 50 26 36 10 12 42 91 77 56 81 76 59 61 14 97 52 81 28 78 16
bool 41 0 0 1 0 1 0 1 1 1 1 0 1 1 1 1 0 1 0 1 0 1 1 1 0 1 0 1 0 1 0 0 0 0 1 0 0 1 0 0 0 1
int 41 66 81 65 89 22 76 73 57 30 88 66 34 79 9 71 27 56 76 31 61 57 40 14 7 23 45 58 92 97 85 34 67 1 3 82 61 72 25 4 38 61
int 42 93 19 92 2 70 58 37 68 54 18 72 37 12 84 22 60 95 5 68 34 42 2 86 62 77 34 8 81 77 2 14 24 17 99 52 84 60 32 15 84 91 86
char 45 j f o g q j q j n o e c o h f g i b d n f c m g q r i r n h b f a i b a e q q h k l p c t
double 46 7.9 8.02 9.18 3.62 2.34 5.28 2.91 8.04 8.86 6.7 8.19 2.21 6 0.51 0.03 9.48 0.33 7.04 8.9 3.85 6.24 3.01 8.13 2.42 6.71 2.82 7.86 5.7 5.75 2.89 7.22 2.66 1.09 7.5 2.69 7.61 6.54 7.23 6.01 7.87 2.25 3.97 6.25 5.56 4.25 7.62
bool 47 0 1 1 0 0 0 0 0 1 0 0 0 0 0 1 0 1 0 0 1 0 0 1 0 0 0 1 1 0 0 0 0 0 0 1 0 1 1 1 1 0 1 1 1 0 0 1
char 50 q k g k e p m d t l c c m t i i s q b h g e h a l p j a l b h a p g o i h h n q m p h b t r g e b d
double 51 1.58 9.99 2.1 4.18 3.38 9.33 7.74 8.36 5.92 8.32 0.23 7.22 1.08 8.38 4.25 2.28 5 5.57 0.48 6.3 6.38 8.69 8.78 3.48 7.93 4.7 4.3 8.4 5.09 8.86 2.5 8.98 6.49 1.14 5.26 9.5 5.24 6.04 6.86 3.37 8.4 1.39 5.73 4.68 3.72 2.21 5.55 5.64 1.2 5.64 6.77
double 51 5.45 5.96 6.31 8.41 3.68 6.65 3.32 2.9 2.19 7.83 1.73 3.68 7.67 9.9 7.31 4.49 4.28 5.32 2.07 7.86 7.28 1.32 0.68 5.91 5.23 1.46 7.58 0.25 6.92 1.23 4.58 5.25 7.83 1.1 6.56 1.31 0.91 9.97 5.48 7.21 3.4 1.38 4.63 5.26 7.68 1.07 9.8 8.52 9.14 5.07 2.62
char 52 h l s c s n s t i n r i f m l k a l n p o p o e s i a g i r p g g f a r d s r f o d f k b j o c g h a g
int 52 4 15 91 13 48 7 78 77 50 31 99 63 95 20 45 62 30 4 49 48 91 60 62 2 36 67 33 12 18 41 53 52 65 65 80 74 36 52 54 77 87 63 66 44 23 12 49 28 81 35 36 44
double 52 8.63 7.03 0.91 8.15 0.13 9.13 0.04 0.06 1.36 7.55 5.72 1.49 1.92 4.7 2.54 1.1 3.07 9.58 8.57 0.46 5.52 3.45 0.2 3.68 4.61 7.44 2.28 8.14 9.75 5.68 6.02 3.64 6.02 1.21 9.12 1.93 4.73 8.11 3.07 8.23 1.64 6.28 9.68 4.39 4.42 8.3 8.61 5.46 3.18 5.95 4.42 7.74
int 53 50 60 82 38 78 83 12 55 51 75 58 37 52 27 23 57 20 1 34 79 91 43 55 21 77 25 78 43 29 60 89 90 70 29 30 1 35 17 98 6 99 95 10 85 55 28 40 61 56 13 98 84 89
int 54 62 61 50 93 86 76 7 19 69 20 8 69 76 30 59 94 77 49 67 18 97 48 52 99 40 24 97 95 72 31 63 13 94 28 48 15 27 71 68 92 86 42 33 46 43 37 10 86 29 6 70 11 81 24
int 54 12 38 86 63 2 96 80 43 73 52 99 36 37 87 24 35 79 3 91 14 1 17 33 4 85 71 34 35 69 27 55 78 4 6 61 37 17 43 84 26 7 59 78 41 7 23 44 88 13 63 76 99 26 50
int 56 63 86 71 17 38 94 5 95 87 66 43 49 10 53 2 70 56 20 43 32 89 30 7 21 11 32 34 70 20 90 41 46 99 31 10 56 41 53 31 88 33 31 74 2 27 7 68 62 20 65 93 47 33 56 56 56
double 57 5 7.06 4 0.54 3.29 2.47 6.64 4.29 6.87 0.54 5.26 4.2 3.24 3.47 9.55 3.65 9.62 6.09 7.8 8.41 8.33 6.11 7.04 9.92 9.34 6.06 8.83 8.09 1.53 2.38 9.84 0.9 0.12 5.5 6.29 9.95 7.69 6 8.23 1.85 9.42 1 5.69 1.19 3.83 2.94 8.12 5.01 5.19 1.36 7.4 4.85 0.63 6.51 8.2 3.77 2.78
bool 57 1 1 0 1 1 1 0 0 1 1 1 0 1 1 0 0 0 0 0 1 0 0 1 0 1 1 1 1 1 1 1 0 1 1 1 1 1 0 0 0 1 0 0 1 0 0 0 1 1 0 1 1 1 0 0 1 1
char 58 p l l e o p t g t b t m f r e b g h e n k g g t l e b c b r a k r f f e e j o m a j e p l s q s c t i a a a o o a c
double 59 9.24 2.3 6.62 3.96 3.9 9.79 8.25 2.12 9.36 2.71 8.46 5.21 0.64 7.57 3.19 3.5 8.62 5.04 5.36 2.21 5.98 2.29 3.81 5.29 7.88 3.5 2.62 3.94 4.82 8.13 1.63 3.6 8.58 4.03 8.47 6.89 3.56 4.59 2.4 5.9 2.48 8.58 9.59 6.74 7.83 7.67 3.34 1.25 5.25 0.41 4.56 2.81 1.89 2.16 2.84 6.49 5.32 9.98 5.68
bool 59 1 1 1 0 1 1 1 1 0 0 0 0 1 1 1 1 0 1 1 0 1 1 1 1 0 0 1 0 1 1 1 1 0 0 1 1 1 0 1 1 1 1 1 1 0 0 0 0 0 1 0 1 1 1 1 1 1 1 0
double 60 8.91 9.99 5.97 1.43 2.86 1.13 4.08 6.27 4.31 5.39 4.02 9.85 4.83 8.39 1.5 8.43 0.09 0.8 2.05 8.21 9.57 7.55 8.88 8.03 2.8 3.2 3.24 1.79 9.07 0.94 4.82 4.45 1.35 8.86 8.97 5.54 9.96 4.88 8.59 5.83 0.69 3.63 7.52 1.91 6.91 3.52 8.2 0.79 7.93 5.06 9.37 1.71 8.44 0.08 1.97 8.19 2.27 7.85 4.47 5.55
int 60 54 30 42 77 31 67 79 47 46 34 59 68 28 61 57 41 37 50 15 79 99 81 1 8 15 66 53 18 78 73 76 46 1 46 40 70 38 73 65 30 50 71 58 81 26 57 32 73 24 63 60 91 77 79 11 97 29 81 87 99
int 61 96 36 99 38 9 15 73 35 82 51 34 32 11 42 76 15 24 89 50 85 40 22 76 25 53 9 19 48 41 81 50 10 15 98 81 79 96 12 88 79 74 60 55 12 88 53 85 49 21 45 3 84 95 37 28 35 16 47 86 32 76
double 62 7.19 9.57 9.72 7.65 4.68 8.79 0.05 9.25 0.83 8.07 8.85 0.33 1.93 6.49 7.09 2.87 8.17 6.76 6.06 8.04 2.59 5.91 1.43 9 7.44 4.28 7.54 6.02 9.75 1.64 6.14 6.46 1.08 5.02 5.12 4.14 6.14 3.21 0.78 2.23 6.42 9.49 6.12 4.23 0.17 2.91 8.38 5.51 7.01 4.34 4.16 9.52 8.13 7.7 7.66 1.03 1.29 0.51 4.1 1.96 6.95 2.58
bool 63 0 1 1 0 0 1 0 1 1 0 1 0 1 0 0 1 0 1 1 1 1 1 1 1 0 1 0 1 0 1 0 0 0 1 0 1 0 1 1 0 0 0 0 0 1 0 1 0 1 1 0 0 1 0 0 1 1 0 1 1 1 1 0
char 64 n i a n p r h r m n a s f p d o p o c c d q t m m k c r c h t p q m k k o r l h g p b h r n c m r g s h r t b d t f i d s h g d
int 65 11 9 72 1 10 3 31 1 25 72 83 91 26 93 76 58 71 25 71 6 79 27 98 93 97 81 8 16 98 72 97 84 53 43 90 87 23 69 89 52 19 45 22 21 7 64 71 37 30 90 8 1 74 38 30 5 51 50 61 5 6 88 19 18 6
double 66 7.16 5.22 7.77 8.82 2.14 2.65 0.57 3.59 3.63 8.67 8.29 7.52 7.39 5.86 5.74 8.61 8.88 2.65 3.01 9.11 6.78 5.64 4.74 3.77 9.99 3.92 4.8 6.27 4.6 5.65 4.46 8.14 1.15 1.31 5.23 0.14 9.5 6.46 6.44 1.61 7.76 4.28 5.6 8.66 7.9 6.86 2.8 7.15 7.5 2.93 9.25 2.19 6.32 0.61 8.62 9.66 1.29 3.72 8.98 8.29 5.17 7.65 9.82 4.58 0.99 3.02
int 66 32 4 74 94 90 64 77 56 67 60 46 90 53 77 25 73 73 6 46 79 31 54 84 85 38 61 64 51 97 49 34 40 85 9 42 48 61 3 58 58 71 40 4 70 69 11 73 48 51 43 5 24 54 27 72 6 4 46 69 28 69 40 90 38 32 20
bool 67 0 1 1 0 0 0 0 0 1 0 1 0 1 1 1 1 0 0 1 0 0 1 0 1 0 1 0 0 0 0 1 1 0 0 1 0 0 0 0 0 0 1 0 1 1 0 1 1 0 1 1 1 1 1 0 1 1 1 1 0 1 1 0 1 1 0 0
double 67 5.47 4.46 8.71 7.25 6.5 5.66 0.36 7.41 1.96 5.84 2.27 7.54 4.83 8.07 9.53 8.47 7.26 4.15 0.62 1.24 0.8 2.12 8.66 8.95 8.35 4.51 4.41 6.39 0.18 3.61 9.48 7.06 3.17 2.05 5.25 4.62 3.9 9.99 0.82 2.62 1.74 4.18 7.84 3.76 7.07 6.55 0.28 5.45 6.23 8.15 1.1 2.83 5.18 0.56 1.43 3.24 6.96 9.86 2.69 6.37 4.33 9.23 8.98 6.97 5.72 4.82 2.77
bool 68 1 1 0 1 0 0 0 0 1 0 1 0 1 0 0 1 1 1 0 1 1 1 1 1 1 0 0 1 1 0 1 1 0 1 0 1 0 0 0 1 0 0 1 0 1 1 0 1 1 1 1 0 0 0 0 0 0 1 1 0 0 1 1 1 0 0 1 0
double 70 5.64 9.87 2.01 0.56 5.35 1.55 8.86 2.28 9.06 4.05 6.13 5.08 2.81 3.43 8.85 3.72 9.24 0.76 2.09 3.86 1.09 7.4 8.01 3.96 2.29 4.83 6.56 1.12 2.85 3.45 1.89 7.56 8.41 3.38 8.39 6.53 8.79 6.1 2.75 4.76 4.65 7.9 9.96 6.29 1.34 5.9 6.8 9.72 1.83 9.61 4.13 1.38 1.18 9.25 9.49 9.22 5.58 8.12 4.02 2.86 8.5 7 8.91 6.84 1.71 2.88 6.04 8.88 0.18 9.17
char 70 o i a p t m r h q c k q j c r b c n g m m o b a l p s a j f g h r k g l k n f k s c e j h j t g t n i a b l c b h f d f q l g l a e d n a d
bool 71 0 1 0 0 0 1 1 1 0 1 1 0 0 0 0 0 1 0 1 1 0 1 0 1 0 1 0 0 1 0 0 1 1 1 1 0 1 0 1 1 0 1 0 0 1 1 1 0 1 0 0 0 1 1 1 1 1 0 0 1 1 1 1 1 1 0 0 1 1 0 1
int 73 88 40 99 42 11 29 52 70 90 21 86 75 47 81 27 61 14 72 86 35 72 26 99 83 83 21 37 37 75 17 62 94 11 28 9 72 52 6 73 67 26 90 19 85 42 31 28 68 16 70 18 36 48 70 90 96 55 1 30 95 35 28 83 26 74 59 72 49 6 44 20 31 68
bool 74 1 0 1 1 0 1 1 0 1 1 0 1 1 0 1 1 1 0 1 1 0 1 1 1 1 0 1 1 1 0 1 0 0 1 0 0 0 0 0 1 1 0 0 1 1 1 0 1 1 0 1 1 0 0 0 1 1 0 0 0 1 0 0 0 1 0 0 1 1 1 0 0 0 1
char 75 p t r n s d a k n a a b b i i n g b k l k q b a l h b o q b e s l k a a f j n n f e q t p k i g t c e r e s n l r h c s s j a e e f s e a n s o o s l
double 75 2.91 2.34 1.83 5.67 9.88 5.03 2.35 8.85 4.98 4.71 2.85 6.74 7.72 2.8 4.49 3.62 2.16 8.17 5.66 5.66 3.6 6.28 9.16 5.49 2.92 8.96 7.45 6.53 2.22 7.36 1.38 7.95 0.27 1.54 8.02 9.48 5.26 9.81 9.16 9.81 8.07 0.88 9.44 1.9 0.18 5.29 8.99 8.98 4.4 4.46 0.97 8.9 5.77 9.84 2.22 0.6 8.53 1.38 2.09 0.21 9.7 9.24 8.71 6.05 5.5 0.74 5.49 2.28 7.4 5.77 3.38 9.63 1.66 6.23 1.89
bool 76 0 0 0 0 0 0 1 0 0 1 1 1 1 1 1 1 0 1 1 1 0 1 0 1 1 1 1 0 0 0 0 0 0 1 1 0 1 0 0 0 0 0 1 0 1 1 0 1 1 0 1 1 1 1 0 1 1 0 0 0 0 0 0 0 1 0 0 1 0 1 0 0 1 1 1 0
char 77 f m i l e c t n t g g q m d h d i a n j k t k a s d o n t q j d r e g n k k l l m m q c f p f j t l s f k p j j b b q c e t g p i f s f f e d c j m q r b
double 78 3.98 1.68 8.54 1.6 5.82 4.85 7.91 8.96 8.49 1.38 8.42 6.28 0.47 7 9.3 2.86 8.87 6.37 9.72 3.57 0.25 8.71 7.57 8.24 9.94 6.46 9.83 2.16 0.04 2.37 2.19 4.64 9.81 1.67 6.05 5.39 6.67 9.69 4.72 9.7 7.39 3.65 1.89 3.72 5.21 1.19 0.57 2.47 9.01 6.72 2.22 9.49 2.6 4.48 6.51 6.93 9.99 8.92 7.81 1.33 5.82 5.35 1.06 1.41 7.7 1.3 5.16 6.08 4.69 2.79 4.39 9.45 5.36 8.32 4.03 0.53 2.65 1.24
char 79 l b b j c h s c c l i h t k g h g i t k s l a q e t j d q e t i l r o s q e k b b j j n l f h f a p g g f b b m n o h f j n d e a d o l a h j k p a k j d g t
int 85 79 58 99 30 99 2 7 77 5 21 28 6 77 43 39 37 60 4 63 3 98 61 84 34 74 23 58 7 93 61 56 64 15 37 53 75 12 18 90 60 69 34 84 91 52 37 54 89 82 83 43 88 26 33 71 31 14 78 55 22 75 15 35 81 31 63 55 43 98 22 34 86 67 7 38 37 52 76 77 10 13 76 5 3 21
char 87 e m q d h b k n r g a h q b m r e o n t m e p d f k b d g m n f i p j t r i m d e g r l l r a f d d j d a h a c a q m f m b s n b j m c t f r i r j c f f a d n l m m k e g n
int 89 64 18 93 96 80 54 45 34 20 29 41 32 56 48 86 52 39 99 85 42 54 60 39 44 54 50 82 84 80 66 74 82 69 9 39 11 88 9 35 25 63 78 66 63 64 33 44 21 56 32 19 73 82 56 78 29 90 34 86 68 47 95 80 44 14 84 75 97 24 22 69 96 89 57 9 57 2 74 27 58 87 97 86 38 86 36 25 32 93
int 90 97 85 80 27 21 52 48 87 71 39 80 23 97 9 48 78 66 64 86 7 19 86 61 80 3 59 2 14 87 36 16 11 7 44 46 55 80 1 27 31 54 2 93 99 97 85 50 93 52 28 50 89 2 82 57 17 9 51 54 53 91 84 56 24 56 80 6 28 79 39 92 72 8 8 72 21 61 35 69 93 55 57 74 65 13 24 73 26 86 8
bool 91 1 0 0 1 0 1 0 0 0 1 1 1 0 1 0 0 0 1 1 1 1 1 0 0 1 1 0 1 0 1 1 1 1 1 1 1 0 1 0 0 1 0 0 0 0 1 0 1 1 1 1 1 1 0 1 1 0 0 1 1 1 0 0 1 0 0 0 1 0 1 1 1 0 1 0 0 0 0 0 1 0 0 0 0 0 1 0 1 1 1 0
bool 92 1 1 1 0 0 1 1 0 1 0 0 0 1 0 1 0 0 1 1 1 0 1 0 0 1 0 0 1 0 1 1 0 1 1 0 0 1 0 0 0 1 1 0 0 1 0 1 1 1 0 1 0 0 1 0 0 1 1 0 1 0 1 1 1 1 0 0 0 1 1 0 0 1 1 0 0 0 1 1 1 1 1 0 1 0 1 0 1 1 1 0 1
double 93 5.98 3.92 3 0.16 0.81 3.65 3.79 5.69 9.35 0.11 0.05 6.66 9.22 8.52 7.22 7.62 2.13 3.27 5.85 5.39 9.17 6.69 6.96 5.8 0.01 1.33 4.62 2.24 8.79 3.71 8.62 0.7 2.86 5.49 6.76 3.44 0.19 0.64 5.67 9.94 5.27 1.47 1.6 1.02 7.2 8.07 5.32 5.9 8.83 0.58 6.7 3.5 8.62 5.19 1.58 2.99 1.1 2.62 6.76 3.05 2.53 0.92 1.66 4.8 9.21 0.61 9.85 7.7 3.21 4.36 3.5 4.98 0.16 4.72 9.48 6.87 1.1 3.34 2.28 6.34 7.33 5.07 4.71 6.37 9.42 7.44 8.89 4.86 2.06 5.33 0.26 5.52 6.03
char 93 c j p o c s j s r r b t c k a q e i j t k d j m j i q m f s p k r h c f m c s f t o h h t k a d o t t f n s g a b e o f j g j t o q p f e h r r m g d t s t c o o q t q q e h s d g h s a
char 94 a k c m j f r j t b m r q c b m n l i i p k f l s k e s a p i n h m r b l c o n t n a i s l t l f a e f m n s q t t h i n m e p b l k h e c r p h h c b i k f h m i d d k g a j d c l c o o
char 95 e a k b k r r n n n t g t j n a f f j q g d c p g h c f k j e g o c i g j p e c c j s q j e d l c j a m g l t b h g c o o s f g l e e a s j f i s m c a l j e r r c s c e p l b m m l b c h o
char 95 i q j r f c g t t f j p j c r l p c c s c c l d d n e h m t d e p g b a e n f b t i r i m m r g k g p f a p l c m c t b p f t b k p a c a t s p d a a c c b q j f g c e n j a o k r p s i e h
double 95 3.35 4.64 9.33 0.12 2.96 0.28 6.24 1.92 4.29 0.03 5.26 4.83 4.12 9.36 0.38 1.18 9.42 1.15 7.24 6.25 4.65 3.65 0.9 3.82 7.84 7.07 6.78 9.39 0.02 7.92 7 3.95 1.84 1.9 5.17 7.35 6.96 6.46 3.17 8.44 0.51 4.23 3.39 7.41 0.7 8.56 5.81 2.05 1.95 4.86 5.97 6.38 9.71 8.25 1.25 7.34 6.72 9.57 4.96 2.18 4.94 6.86 7.63 5.95 6.52 6.35 4.77 8.84 1.46 0.75 9.32 8.82 2.93 8.9 1.3 5.79 2.28 4.44 9.41 1.49 7.59 1.33 1.53 2.92 5.38 6.62 5.36 9.34 9.46 8.75 7.22 8.18 4.14 8.11 2.92
bool 96 0 1 0 0 1 1 0 1 0 1 1 1 0 1 1 0 0 0 1 1 1 1 0 0 0 0 0 1 1 0 0 0 0 1 1 0 1 0 0 0 0 0 0 0 0 1 1 1 0 1 0 1 1 1 1 0 0 1 1 0 0 0 1 0 0 1 1 0 0 1 1 0 1 0 0 0 1 1 1 0 1 0 1 0 1 0 1 1 1 0 0 0 1 0 0 1
bool 97 1 1 0 0 1 1 1 1 0 1 1 0 0 1 0 0 0 1 1 0 1 1 1 1 0 0 1 0 1 1 1 0 0 1 0 1 0 1 1 0 0 0 1 1 0 1 1 0 0 1 0 0 0 1 0 0 0 0 1 0 1 0 1 0 0 1 1 1 1 1 0 0 1 1 0 1 1 0 0 1 0 0 0 1 0 0 1 1 1 1 1 0 1 1 1 0 1
bool 97 1 1 1 0 1 0 1 1 1 1 1 1 1 1 0 1 0 1 0 1 0 1 0 0 0 0 1 0 1 0 1 1 1 1 0 0 0 0 1 0 1 0 0 0 0 0 1 0 0 0 1 0 1 0 0 0 1 0 1 0 0 0 0 1 0 0 1 1 0 1 1 0 1 0 1 1 1 0 0 1 1 0 0 1 1 1 0 1 1 1 1 1 1 0 0 1 0
char 99 p d s o q t p a a a j b e i b t j g r i g j r n g j s f m h b t c d t c d s e s c p e e p i l j a p o s t r k o r d b g l p t r s m b f k i b f c n j m s k r n b t g c a b q p o d f k p s k c q j f
char 101 b i a q c p b j r i h a p e e o h k j e d h c n n m l h j k c n c e e f i s f c m s e c q t q l f t p m q b s i a o e c m r t f e p t e n t c i l f e s s k l a f p n o t l s r s b c m a j n n m o g k g
char 102 a o i n d h o a q t d l c d l f a m s o f b t t b j e o d p k s d c n j j l c h h g l o a p s h c g k c r c d m m s t q s c c k o s f r q k i o h n c r c f d l p f g l p b q o q s g a c h g r n c j a h f
bool 103 0 1 1 0 1 1 1 0 0 1 1 0 0 0 0 0 0 0 0 1 0 1 1 0 1 1 1 0 0 0 0 0 1 1 1 0 0 0 0 0 0 1 0 1 0 1 0 0 0 1 1 1 0 1 0 1 0 0 1 0 1 1 1 1 0 1 1 0 0 0 1 1 0 0 0 1 1 0 0 0 1 0 1 1 0 1 0 0 1 0 1 1 0 1 1 0 1 1 1 0 0 0 1
bool 103 1 1 0 1 0 1 0 0 1 1 1 0 0 1 0 1 0 1 1 1 0 1 1 0 0 0 1 0 1 0 0 0 1 1 1 1 0 1 1 0 1 1 1 1 1 1 0 0 1 0 0 1 0 1 1 1 0 0 1 0 1 1 1 1 1 0 0 0 0 0 1 1 1 0 1 1 0 1 1 0 1 0 0 1 1 0 1 0 1 0 1 1 1 1 1 0 0 1 0 1 0 1 0
int 105 58 48 95 49 42 80 27 99 60 46 73 50 89 53 80 84 4 94 30 97 58 49 32 82 12 13 31 44 54 2 36 48 98 7 1 35 40 20 71 21 75 85 66 97 34 25 51 86 39 20 22 31 70 5 80 59 48 80 54 74 4 86 21 1 40 93 99 99 5 6 28 35 74 63 40 28 66 67 44 29 77 72 92 52 84 59 7 84 93 41 46 55 41 53 50 88 78 18 43 5 35 88 23 49 16
int 107 90 37 61 86 7 21 32 45 18 70 94 28 15 68 10 7 1 5 23 4 3 94 7 91 32 21 64 12 48 25 28 70 9 95 72 19 96 67 66 61 76 12 71 78 21 85 40 71 16 66 59 9 4 49 61 68 66 21 69 24 14 52 41 42 54 24 2 52 47 92 37 47 61 69 90 82 74 19 72 53 97 37 17 45 90 11 22 2 96 79 15 36 49 29 28 91 83 77 13 22 34 35 17 10 64 68 43
double 108 2.81 8.39 7.82 6.98 7.23 4.61 1.65 5.17 2.83 8.66 8.05 6.75 9.4 7.5 1.99 2.96 4.67 0.15 7.41 1.08 0.59 3.16 6.56 4.47 9.59 0.74 3.7 7.13 7.02 3.95 8.77 6.45 9.89 6.88 1.47 0.71 0.58 9.18 1.61 6.23 0.58 2.62 3.18 1.87 9.01 3.47 2.73 6.95 3.97 5.23 0.35 7.12 8.78 2.76 4.63 3.12 6.4 7.52 2.9 3.28 4.45 0.07 5.43 1.38 5.49 0.84 8.97 2.47 2.91 6.86 9 2.07 9.41 8.78 9.03 8.12 8.45 8.16 3.7 3.91 1.73 7.83 1.64 7.32 9.19 9.57 0.14 3.77 2.31 2.55 4.67 2.37 9.99 4.65 2.46 1.64 6.98 0.81 3.2 0.64 9.76 3.96 1.49 2.98 6.96 1.12 8.25 8.93
double 108 2.09 1.55 8.23 6.25 0.52 8.01 2.85 4.63 0.58 9.99 7.83 1.69 8.79 0.55 0.69 3.28 7.71 1.89 7.57 7.41 4.69 1.43 9.74 6.87 3.56 5.63 2.61 4.53 8.92 8.64 2.06 2.87 6.42 1.1 3.79 9.67 2.85 3.95 1.95 5.24 4.73 1.84 4.82 3.47 3.93 2.57 8.68 2.76 3.01 0.91 6.59 2.37 3.94 0.13 9.79 1.08 5.51 8.88 6.88 7.71 9.81 1.96 9.62 5.91 0.24 3.68 4.14 9.65 7.67 5.55 6.24 0.07 4.72 5.54 5.93 2.83 8.87 3.13 6.64 5.87 0.63 3.54 3.82 2.99 2.43 3.37 0.91 8.28 9.88 9.76 7.05 8.55 4.1 9.38 4.36 5.98 2.83 0.37 3.34 5.8 7.23 0.48 7.33 7.56 7.86 2.51 5.05 2.63
