bool 10 1 1 0 0 0 0 0 1 1 0
double 11 2.14 5.03 4.06 6.05 9.35 5.31 5.95 1.16 6.91 7.34 4.97
bool 14 0 0 1 0 1 1 0 0 0 0 1 0 0 1
int 16 85 6 67 15 36 70 82 15 50 26 65 90 32 55 13 46
bool 16 1 1 0 1 0 0 0 0 1 1 0 0 1 0 1 0
bool 16 0 0 1 1 0 0 0 1 0 1 0 1 0 0 0 1
double 17 0.85 9.81 4.52 9.88 5.41 4.63 1.41 4.4 5.7 5.46 4.85 1.96 8.36 3.63 6.25 6.97 6.95
char 17 n c q q g n e e m t c i t c f q h
int 18 11 25 80 20 20 17 87 98 57 47 48 56 12 65 12 55 7 26
double 18 0.06 4.76 8.08 0.02 8.5 9.15 5.75 4.53 9.22 9.29 3.03 4.09 8.92 0.78 7.26 1.23 9.82 1.71
char 20 c s o g g m p b r b s o a r h l c m r e
bool 20 0 0 1 1 1 1 1 0 0 0 1 1 0 1 1 1 1 1 0 1
bool 21 0 1 0 0 0 1 0 0 0 1 1 0 0 1 1 1 0 0 0 0 1
char 21 m l m n r r g f b t j h t k q f b h t r n
int 24 59 8 34 12 12 59 67 49 66 85 75 53 57 61 97 21 78 72 53 82 82 46 64 49
bool 25 0 0 0 1 1 0 1 1 0 0 1 1 1 1 0 0 1 0 1 1 0 1 1 1 1
int 25 15 59 31 80 95 46 63 17 78 32 50 56 9 45 49 77 86 44 27 14 46 78 15 24 27
double 26 6.65 7.14 6.56 6.51 9.77 3.67 0.05 6.23 8.73 6.39 9.35 8.06 0.62 4.58 6.36 5.26 1.52 4.4 8.96 0.76 4.93 3.52 8.99 7.42 5.48 5.22
bool 27 0 0 1 0 0 1 0 0 0 1 1 0 1 1 0 0 0 0 0 0 1 0 0 0 0 1 1
int 28 10 87 50 30 31 73 1 27 4 86 84 92 5 94 61 55 70 83 81 55 77 92 93 74 9 78 8 43
bool 28 0 1 0 0 1 1 1 0 0 0 1 1 1 0 1 0 0 0 0 0 0 0 1 0 1 0 0 1
char 29 o j a b a p c t f p p k i j f r g c f o n c b m q g g k b
int 29 73 73 48 34 51 93 92 74 68 41 21 78 76 82 38 98 35 41 12 44 74 24 95 73 69 52 42 41 88
char 29 k q n c b s d b c t i l q c h d i a l a j c e l f l j j n
int 30 82 32 38 68 37 79 51 12 69 53 5 28 98 46 59 6 13 51 50 83 45 74 95 5 28 47 64 41 15 99
bool 31 0 0 0 1 0 0 1 1 0 0 0 0 0 0 0 0 1 1 1 0 1 0 1 1 1 1 1 1 1 1 1
int 31 30 36 72 59 93 5 36 47 28 15 7 40 66 59 15 96 63 34 30 63 57 39 58 49 15 18 93 98 48 42 87
bool 34 0 1 1 0 1 1 0 1 0 1 1 1 1 1 1 0 0 1 0 1 1 1 1 0 1 1 0 0 0 1 1 1 1 0
bool 35 0 1 0 0 1 0 0 0 0 0 0 0 0 1 0 0 0 0 0 0 0 0 0 1 1 0 0 0 1 1 0 1 1 1 1
bool 37 0 1 1 1 0 0 0 0 0 0 0 0 0 0 0 0 1 1 1 0 0 0 1 1 0 1 0 0 1 1 1 0 0 1 1 0 0
bool 38 0 0 1 1 0 1 1 1 1 0 1 0 0 0 0 1 1 1 0 0 1 0 1 0 1 1 1 1 1 0 1 1 0 1 1 1 0 1
double 38 8.37 1.62 5.84 0.79 9.45 9.23 0.27 0.2 6.85 2.27 7.4 1 1.06 0.35 6.18 3.51 6.53 9.3 8.5 8.61 4.58 3.75 1.62 5.48 3.54 3.24 7.88 6.35 4.26 2.53 8.07 0.15 9.03 4.52 4.93 3.42 9.65 2.74
bool 39 0 1 0 1 0 0 0 0 1 0 0 0 1 1 1 0 0 0 0 0 1 0 0 0 1 1 1 1 1 1 1 1 0 0 1 1 0 1 0
char 39 l a i d s j p m e m o k j t s i h t l g p c i e q a a a q g h q a s h q t q t
bool 41 0 0 1 0 1 0 1 1 1 1 0 1 1 1 1 0 1 0 1 0 1 1 1 0 1 0 1 0 1 0 0 0 0 1 0 0 1 0 0 0 1
int 41 66 81 65 89 22 76 73 57 30 88 66 34 79 9 71 27 56 76 31 61 57 40 14 7 23 45 58 92 97 85 34 67 1 3 82 61 72 25 4 38 61
bool 42 0 0 1 0 0 1 1 0 0 1 0 0 1 1 0 1 0 1 1 1 1 0 1 1 1 1 1 1 0 0 1 1 0 1 0 0 1 0 0 1 1 0
double 43 3.76 6.93 5.11 1.1 1.42 5.78 4.45 6.9 0.92 3.76 3.84 0.95 0.7 2.23 9.24 6.08 9.84 0.06 6.3 0.94 0.96 2.16 8.57 4.98 4.68 1.45 8.31 2.52 6.26 4.53 7.95 4.79 9.47 5.8 0.16 6.8 9.61 8.55 3.78 8.95 8.99 8.57 9.99
bool 43 1 1 0 1 1 1 0 1 0 0 0 1 1 0 0 1 0 0 1 0 1 0 0 0 0 0 1 1 0 0 0 0 0 0 1 0 0 0 0 0 1 1 1
bool 44 1 1 1 0 1 1 0 1 0 1 0 1 1 0 1 0 1 1 1 1 0 0 1 1 0 1 1 1 1 0 1 1 0 1 0 1 1 0 1 1 0 0 1 0
bool 46 0 0 1 1 0 1 1 1 0 1 0 0 0 0 0 1 1 1 1 0 0 0 1 0 0 0 1 1 0 0 1 1 0 0 0 0 0 1 0 1 0 0 1 1 0 1
char 46 s a g o g b a g q i m b i h b g m h n l j q l d r d i n i d i p o h r c g l k q c q e i d b
int 47 9 86 49 9 99 21 47 79 81 62 79 50 35 9 40 57 74 70 68 51 33 55 18 56 7 47 94 86 78 22 99 57 92 76 94 95 30 9 63 14 45 14 98 43 83 86 35
char 51 n c t e n p j f m o e t q l e t g m l f t b d j p h n j r n n o j l i j n j m k m l c c t i j b q h l
double 51 3.88 1.93 0.75 4.89 8.03 9.74 1.26 9.05 4.27 2.97 0.32 7.16 1.57 0.27 5.95 4.43 6.03 3.54 4.66 7.68 4.51 7.24 6.95 0.21 1.86 5.35 3.48 9.72 8.92 5.87 0.39 3.2 9.22 5.11 4.13 9.03 0.54 1.72 3.31 1.63 8.7 8.26 1.03 3.31 4.43 2.25 3.77 0.37 5.23 9.25 8.45
bool 53 1 0 0 0 0 1 0 0 0 1 1 1 0 0 0 1 1 0 1 0 0 1 1 0 0 1 0 0 1 1 1 0 1 0 0 1 0 1 0 1 1 1 1 1 1 1 1 0 1 1 0 1 0
int 53 31 96 3 29 93 22 19 23 86 41 30 78 49 59 58 89 30 87 45 55 30 45 86 87 95 61 64 65 64 93 28 59 82 63 23 1 96 72 60 52 32 55 98 15 89 53 79 27 40 9 81 47 87
int 55 54 35 42 38 75 56 59 25 30 38 10 85 31 53 32 51 73 10 5 57 94 52 89 68 21 70 20 56 93 51 16 81 27 59 32 80 78 84 2 36 97 98 78 67 83 83 87 33 91 63 53 28 64 41 69
char 56 q h f q a o g c i s i o r s a s n q n d e o q p h o c e d o t t g s o r j s m a k f f c p s a a b g t c e j o h
double 57 3.93 3.73 3.52 5.8 5.73 9.14 0.32 6.22 8.32 4.19 7.06 8.3 9.08 3.69 8.82 4.37 4.06 1.45 5.1 1.51 2.29 1.16 4.24 7.27 6.18 4.46 0.65 7.76 6.73 8.97 7.06 4.12 9.75 2.65 1.43 7.79 9.82 4.08 2.62 0.18 7.73 4.8 4.1 4.26 9.56 4.72 4.37 0.12 8.22 9.02 4.91 2.47 8.97 8.79 5.45 5.17 0.84
int 58 26 50 19 11 68 62 67 85 43 85 22 88 66 43 30 27 94 35 53 69 47 44 91 77 11 80 27 89 97 79 89 12 24 65 28 55 49 88 29 94 33 68 25 6 60 9 35 78 94 2 96 74 2 51 29 96 38 74
int 59 38 34 68 9 78 84 30 68 7 70 96 88 30 84 33 9 22 46 40 2 43 27 68 62 36 92 5 31 52 86 16 16 66 93 77 99 41 22 43 56 45 2 41 25 23 90 81 66 62 10 67 11 25 95 77 45 81 2 70
int 60 87 6 30 9 45 84 30 69 32 22 73 67 90 40 17 69 54 48 17 28 48 24 61 17 99 33 22 52 41 71 76 25 74 29 34 43 57 71 50 69 41 44 55 79 71 95 92 16 92 45 58 70 60 47 84 19 82 70 4 8
double 60 8.91 9.99 5.97 1.43 2.86 1.13 4.08 6.27 4.31 5.39 4.02 9.85 4.83 8.39 1.5 8.43 0.09 0.8 2.05 8.21 9.57 7.55 8.88 8.03 2.8 3.2 3.24 1.79 9.07 0.94 4.82 4.45 1.35 8.86 8.97 5.54 9.96 4.88 8.59 5.83 0.69 3.63 7.52 1.91 6.91 3.52 8.2 0.79 7.93 5.06 9.37 1.71 8.44 0.08 1.97 8.19 2.27 7.85 4.47 5.55
char 61 f k k k k g q p t r c n d g k b c r t l k m f e k o o o a t i r l m s i b m h o e c o e a l o c e g p q g i n r b s t k i
double 61 1.12 6.58 4.87 1.23 8.85 8.65 6.01 2.6 9.75 8.13 7.08 0.96 9.12 8.26 8.35 3.1 2.46 9.39 4.05 2.35 2.53 6.89 7.85 8.04 1.14 2.52 4.89 9.76 7.36 6.01 8.74 6.8 2.75 6.52 0.93 7.53 6.55 0.49 6.03 4.1 3.31 8.89 0.32 8.15 5.08 9.95 6.04 3.72 1.71 5.33 8.76 8 4.18 9.95 7.67 3.64 1.1 2.5 2.42 4.13 3.24
double 62 7.19 9.57 9.72 7.65 4.68 8.79 0.05 9.25 0.83 8.07 8.85 0.33 1.93 6.49 7.09 2.87 8.17 6.76 6.06 8.04 2.59 5.91 1.43 9 7.44 4.28 7.54 6.02 9.75 1.64 6.14 6.46 1.08 5.02 5.12 4.14 6.14 3.21 0.78 2.23 6.42 9.49 6.12 4.23 0.17 2.91 8.38 5.51 7.01 4.34 4.16 9.52 8.13 7.7 7.66 1.03 1.29 0.51 4.1 1.96 6.95 2.58
bool 64 0 0 0 0 0 1 1 0 0 0 0 0 1 1 0 1 0 0 0 0 1 0 1 0 1 0 0 1 1 1 1 1 0 1 0 0 0 1 0 0 1 0 1 0 0 0 1 1 1 1 0 1 0 0 1 1 1 1 0 0 1 1 0 1
char 64 l r e j t r m h d b m s q p d c f g q b t k h l h j n d n a n i r k l q r c f e a s h p q s l f e c j c k e g h d m l r f l b j
bool 64 0 1 0 1 0 0 0 0 0 1 1 1 0 1 1 0 0 1 0 0 1 1 1 1 0 1 1 0 1 1 1 1 1 1 1 0 0 1 0 1 0 1 1 0 1 1 0 0 1 0 0 1 1 0 0 1 0 1 1 0 0 1 0 1
int 65 11 9 72 1 10 3 31 1 25 72 83 91 26 93 76 58 71 25 71 6 79 27 98 93 97 81 8 16 98 72 97 84 53 43 90 87 23 69 89 52 19 45 22 21 7 64 71 37 30 90 8 1 74 38 30 5 51 50 61 5 6 88 19 18 6
int 66 32 4 74 94 90 64 77 56 67 60 46 90 53 77 25 73 73 6 46 79 31 54 84 85 38 61 64 51 97 49 34 40 85 9 42 48 61 3 58 58 71 40 4 70 69 11 73 48 51 43 5 24 54 27 72 6 4 46 69 28 69 40 90 38 32 20
bool 68 1 0 1 0 0 0 0 0 1 1 0 1 0 0 1 0 0 1 1 1 0 0 1 1 0 1 1 1 0 1 0 1 0 0 0 0 1 1 0 0 1 0 1 0 1 1 1 1 0 0 0 0 1 0 0 1 1 0 0 1 0 1 1 0 1 0 1 1
double 68 0.3 9.31 2.56 9.75 1.14 9 6.37 7.66 5.9 5.79 5.8 4.91 7.11 5.87 6.76 7.33 8.84 1.27 7.4 5.5 8.59 3.77 7.26 0.32 6.54 2.02 1.33 9.93 5.71 9.61 0.81 7.29 4.68 6.63 7.43 0.71 3.49 5.87 7.32 2.58 1.27 9.87 3.67 9.75 2.65 3.46 2.95 1.6 3.51 4.31 5.22 5.56 7.07 4.83 0.07 5.82 0.11 9.2 0.85 1.62 3.95 7.41 3.53 5.59 8.62 2.13 9.55 7.23
bool 69 1 0 0 1 0 1 0 0 1 1 1 0 1 1 1 1 1 0 0 1 1 0 0 0 1 1 1 0 0 0 0 1 1 1 1 1 1 1 0 0 1 0 0 0 1 0 0 1 1 1 1 1 1 1 1 1 0 1 0 1 0 0 1 0 1 1 0 0 1
int 70 74 82 60 51 91 42 15 40 9 23 90 26 46 15 23 46 36 17 24 90 89 42 39 56 17 29 80 85 54 52 80 25 20 83 49 3 41 47 72 5 62 93 85 98 17 53 63 49 63 73 57 81 48 3 7 50 22 84 88 89 44 92 80 56 98 27 78 96 63 25
char 71 k f s c r k n b c j c l g m e g t h a c l k i o o j g e a h n h t m h o r f t j l d o h n q a l e i n s b f m m d a o j n s o f t a s p b t j
double 72 5.79 7.8 0.86 8.23 6.76 6.19 9.23 6.36 1.02 7.14 9.88 9.31 0.93 6.3 6.3 4.65 3.15 2.57 0.52 8.77 3.77 6.65 5.4 4.57 6.33 3.42 2.86 0.25 4.99 3.3 4.85 6.6 8.9 8.53 8.91 7.75 3.03 3.64 4.13 7.72 0.37 2.46 1.92 2.48 6.33 8.37 0.23 8.3 5.47 7.46 2.03 9.52 2.5 4.64 5.36 1.4 1.9 3.37 7.68 9.08 9.42 1.61 1.41 1.89 4.06 7.52 2.5 3.7 1.69 3.49 1.3 0.85
int 74 15 69 43 80 53 22 71 24 96 87 92 72 17 8 53 82 73 27 52 45 60 45 62 58 76 37 84 30 21 2 85 46 7 8 84 56 12 72 51 89 81 35 9 83 41 35 67 14 98 49 97 37 18 85 47 63 72 56 39 55 18 39 84 25 22 83 51 92 89 77 23 9 75 61
int 74 25 65 41 61 49 28 17 61 35 59 29 51 41 60 99 66 39 30 38 13 22 85 16 13 36 44 65 77 29 69 22 12 56 64 77 57 52 30 55 6 87 92 78 83 35 61 19 88 56 8 47 86 19 64 81 47 96 46 84 87 50 97 38 42 3 77 78 79 58 80 68 55 6 11
double 78 3.13 6.43 3.59 4.04 8.43 2.86 4.86 6.32 9.01 2.35 1.49 2.54 1 0.37 1.27 5.82 5.96 7.43 2.48 8.51 8.85 4.31 0.17 6.92 1.48 6.45 3.21 3.77 3.15 9.25 2.35 7.22 0.89 5.83 7.15 2.88 1.71 1.13 9.55 8.63 1.28 2.09 1.7 9.67 9.93 1.02 9.23 2.66 1.77 0.77 1.62 1.06 7.79 0.05 1.05 1.82 7.78 8.17 0.34 0.31 4.88 4.69 6.65 3.17 5.91 5.69 0.99 3.01 7.76 7.14 8.21 6.09 3.16 6.25 4.4 2.17 2.74 1.94
double 82 2.83 1.73 9.14 7 7.36 2.77 7.51 9.35 6.8 5.69 2.16 4.58 9.9 5.91 1.44 3.62 6.02 9.86 9.22 3.06 8.48 9.62 5.81 2.43 7.24 8.9 3.61 2.63 3.8 5.72 1.41 4.07 1.16 0.19 3.29 4.44 2.31 3.69 4.37 0.14 2.8 8.3 5.52 7.8 9.67 7.64 6.26 3.74 5.87 0.75 3 4.56 7.08 8.29 3.65 0.27 3.72 0.95 9.42 0.37 8.09 1.32 4.19 8.79 2.28 3.36 0.64 9.67 9.56 2.55 0.19 2.32 5.6 0.55 8.73 9.81 5.77 8.67 9.88 5.61 5.25 4
bool 82 1 0 1 0 0 0 0 1 0 0 0 0 1 1 1 1 0 0 1 1 0 0 1 1 0 1 0 0 0 1 1 1 1 0 1 1 1 0 1 0 0 1 1 1 0 0 1 1 1 0 0 0 1 1 0 0 0 1 0 0 0 1 1 0 1 0 1 0 0 1 1 1 1 1 0 0 0 0 1 0 0 0
double 84 7.57 0.7 2.19 4.27 0.67 7.99 6.61 7.44 5.57 9.81 9.82 5.95 0.38 4.07 1 7.6 2.5 0.78 3.53 8.49 3.34 2.7 2.86 3.47 8.12 6.86 1.07 4 2.67 7.08 6.51 5.85 2.38 2.93 8.11 2.15 3.24 0.55 6.49 3.12 1.02 0.54 1.01 1.49 4.56 7.68 9.11 2.04 8.23 2.08 1.31 2.18 2.43 3.29 3.92 1.24 1.91 3.65 8.09 8.23 7.68 7.32 7.59 9.1 6.32 5.04 3.01 8.85 8.35 7.23 7.15 9.07 2.61 2.93 4.35 4.37 9.18 7.41 7.96 4.39 4.42 5.09 1.63 6.53
double 85 4 4.48 2.07 8.18 7.38 1.71 2.44 6.04 3.17 6.53 9.67 5.36 1.62 9.73 8.67 7.18 7.1 2.12 6.65 3.09 9.91 3.55 5.27 7.98 6.05 3.97 4.02 6.63 8.45 9.81 5.94 5.28 5.11 5.86 6.79 3.78 4.53 4.61 0.24 4.16 6.71 3.31 2.35 1.87 2.53 4.65 6.48 7.92 5.17 4.55 8.31 8.45 9.21 2.46 2.02 1.15 8.95 3.18 5.64 7.05 4.31 7.68 4.79 2.48 7.57 1.01 1.6 8.09 3.73 1.73 6.63 6.76 6.63 7.35 8.25 5.08 8.51 8.33 6.22 2.76 4.54 4.51 5.2 3.78 0.65
char 87 s f b l t n s h f l m b m i s e p a s b c p m o k j a t o k k b d f c p r e n h s j j k o e k o c b o k e i d r k c s r a n n l k e f o j q k n k g c t l p k b r t n f b a l
double 87 1.55 2.28 9.3 2.23 2.14 7.68 4.32 7.85 7.25 2.2 1.01 6.74 5 6.97 9.7 1.27 4.43 9 0.17 2.98 2.82 6.13 7.9 9.43 2.73 4.3 2.86 1.99 4.89 7.15 4.67 2.54 9.69 0.44 4.38 7.82 6.62 5.66 0.49 2.85 4.99 8.62 6.82 3.59 9.01 5.21 6.27 0.67 1.32 8.2 8.18 9.8 6.13 8.93 4.98 9.64 5.66 7.26 3.17 1.57 0.26 7.47 6.77 4.24 6.02 7.6 7.91 5.64 4.78 8.66 8.22 2.18 9.98 2.73 6.43 5.6 9.51 0.31 6.92 8.28 7.38 9.29 5.11 1.02 3.25 2.33 8.33
double 88 2.57 6.23 3.91 6.98 1.03 8.04 1.52 9.44 9.23 1.11 0.86 3.66 1.88 7.54 6.06 7.4 2.6 5.87 4.55 4.29 2 2.33 0.4 8.86 1.97 3.69 4.77 3.24 0.17 4 0.56 7.03 7.67 3.02 7.67 0.59 9.02 3.11 3.22 4.78 9.32 3.57 7.44 4.74 1.7 0.57 7.99 1.85 9.76 0.81 1.75 4.49 2.27 1.43 7.19 7.42 4.56 4.8 0.8 6.63 7.51 8.91 2.21 6.8 2.42 0.8 7.05 0.37 1.68 6.36 1.47 9.5 6.58 1.61 7.9 9.84 5.22 4.12 9.46 7.44 9.01 7.99 7.16 1.29 6.71 9.37 1.38 0.28
double 89 5.47 5.29 6.46 5.54 2.71 0.92 2.72 3.69 4.66 7.86 5.87 1.43 0.84 0.82 1.18 6.39 5.35 5.74 1.54 5.75 2.97 2.92 1.8 6.66 0.3 8.36 1.95 3.29 5.33 1.56 2.45 5.76 5.3 8.25 4.55 8.12 7.71 5.02 3.33 5.77 0.31 2.84 5 4.66 0.6 4.66 6.14 1.75 1.36 7.18 5.14 6.13 7.76 5.9 6.8 0.05 4.36 2.4 2.05 2.75 6.45 5.05 4.14 6.97 8.07 9.24 9.81 8.79 1.43 9.01 9.73 4.34 6.88 0.83 5.24 4.25 2.47 4.87 1.89 6.73 6.28 0.6 1.63 5.74 3.61 0.66 1.22 4.46 8.18
char 89 o q b f s p o i m g h k j m b c g j k r g d s q c g q f p s m a n c p b c j g c b p o r o f k p f q e f s b t o p b h p k m n g p p o t t o f h h k o e r j h t f b f p i b s h t
double 89 5.39 6.23 9.58 0.14 8.68 4.47 9.45 4.43 3.71 6.83 9.54 2.9 9.72 6.85 1.36 1.08 4.47 4.87 8.4 1.07 5.3 5.35 0.67 4.43 8.64 0.74 6.85 2.29 1.24 6.25 5.98 7.14 0.96 2.61 4.51 7.69 8.44 7.25 0.3 0.18 5.32 6.72 7.01 3.39 5.35 1.58 5.37 6.86 6.92 7.27 5.21 7.34 9.66 9.41 7.89 9.4 9.62 5.16 1.78 0.98 7.68 9.63 0.91 4.08 4.12 4.87 2.65 3.58 2.02 2.12 2.67 9.03 5.5 1.36 1.56 3.05 2.36 2.53 1.57 5.09 5.05 1.61 4.57 6.49 8.18 5.76 5.62 5.69 2.26
double 91 5.75 0.58 5.48 7.54 0.72 2.17 4.94 3.44 2.61 4.98 6.44 5.86 7.05 1.7 4.52 9.02 0.71 0.8 6.39 4.39 7.11 6.67 0.95 0.69 3.16 4.21 3.74 1.16 7.57 7.34 8.54 6.13 9.42 8.15 5.12 5.56 7.94 2.64 9.21 9.97 1.26 7.98 0.57 5.76 3.51 7.69 2.71 4.87 9.15 2.91 0.89 6.25 7.76 8.09 3.21 4.86 2.06 0.18 6.39 2.39 3.88 4.48 2.89 2.65 5.57 1.82 5.79 1.32 9.11 4.82 8.51 2.82 8.33 5.04 0.97 2.53 0.17 9.3 0.49 4.73 4.16 6.67 9.15 8.14 2.1 8.68 9.72 4.4 0.81 0.3 7.48
int 92 3 58 26 91 67 27 49 62 35 44 66 69 88 81 52 20 35 4 56 82 3 77 36 44 53 55 46 10 2 92 45 42 31 26 60 83 64 7 72 64 25 90 30 45 93 99 18 99 33 26 79 45 7 89 15 20 25 48 64 19 38 11 30 35 26 81 76 6 32 25 43 80 47 5 65 26 38 7 24 74 97 71 47 4 3 29 26 8 1 57 91 94
int 92 57 34 39 66 21 56 82 96 28 59 58 63 19 65 95 22 8 44 83 22 93 15 83 97 70 73 99 90 55 67 49 44 13 3 85 60 81 18 88 67 61 2 27 48 30 32 27 9 24 61 71 82 84 71 26 61 50 35 62 68 13 19 27 23 69 80 37 22 79 50 56 86 83 54 4 21 8 90 95 65 30 34 77 51 58 66 91 93 4 55 73 36
char 93 m r i n o i p k k t o t c j t k h f i p e h j p t m g s h o s n n g d s i c s i l a f f k o m c s k j g f c o p n r g h l f o i n d n k f s r d b d a n t c d g n e b q c q c s l g f f e
char 93 d d h a i r r h d d d s j s b a n g t n f j b a i i r c a a m c g f i c q m p a i s d c e d t k m s q n n i p c a m m b h h h s o e f s n e r e c b q r b p e i r b q q e i j f h a b f d
int 94 40 51 22 41 80 97 71 42 34 2 18 85 4 67 57 23 2 40 34 26 66 13 4 24 31 31 19 37 48 75 56 74 39 85 53 66 5 15 12 93 74 48 46 38 42 7 46 74 4 26 62 73 58 52 75 27 83 31 11 73 72 16 32 58 27 82 56 65 57 76 66 1 7 88 5 35 64 84 74 83 79 12 19 55 16 52 22 70 17 21 96 18 51 39
char 97 c m m o r f b s a b n o p q q q e b k p a o s g k s b j m d q p l j q l t r m o n b g k f j p h e t h r p i g t b c g i n q b c e n s l a l b o m g g f r r k d g f h l o q q h j m l q a h o c m
double 97 2.48 9.31 8.06 8.7 9.44 8.4 0.48 3.19 6.39 2.11 5.22 2.6 5.22 2.83 4.02 6.91 3.37 7.15 4.4 6.41 6.03 6.36 3.71 6.82 4.37 7.59 5.55 7.85 2.11 3.82 1.11 6.56 4.14 4.9 9.55 8.96 9.62 2.21 0.93 7.9 4.89 4.64 9.49 6.54 9 8.78 7.1 6.8 5.17 7.58 8.79 7.74 4.76 1.63 9.32 2.22 1.23 1.08 2.19 1.42 9.38 4.9 4.61 9.72 2.62 8.37 6.88 1.86 8.35 5.23 5.71 0.66 8.38 2.41 3.71 4.87 2.91 6.5 4.11 5.92 6.13 4.65 6.48 4.81 2.56 6.89 5.8 0.54 8.49 5.22 8.97 5.85 1.92 1.13 0.84 1.98 2.81
bool 100 0 1 0 1 1 0 0 0 1 1 1 1 0 0 0 1 1 1 0 0 0 0 0 0 1 0 1 1 1 1 0 0 1 1 0 1 0 0 0 0 1 0 1 0 0 1 1 1 0 0 1 0 1 0 1 0 0 1 1 1 0 0 0 1 0 0 0 0 0 1 0 0 1 1 0 0 1 0 0 0 1 1 1 0 0 1 1 1 0 1 1 0 0 1 0 1 0 1 0 1
int 101 77 16 2 46 39 11 36 64 25 85 15 30 17 53 27 96 63 52 7 77 67 51 56 99 8 99 23 87 88 98 37 96 28 88 87 81 39 93 43 62 68 75 65 22 16 23 51 70 39 41 4 80 27 70 84 15 18 39 5 70 32 71 37 91 97 23 96 60 31 20 43 40 57 13 32 30 53 14 63 53 74 72 70 72 46 85 4 77 66 59 76 4 36 84 72 63 11 80 91 50 19
int 102 32 81 81 60 37 52 47 75 10 49 10 10 46 16 37 6 85 16 65 67 90 93 71 96 43 5 14 36 46 2 55 18 9 86 80 40 1 46 55 48 39 25 42 29 64 92 15 5 19 1 77 81 2 1 82 13 20 49 76 2 83 30 70 97 13 41 18 19 54 57 21 77 87 78 72 22 49 71 43 75 20 64 24 65 77 52 37 78 27 72 45 10 51 41 40 55 53 43 25 48 12 62
int 102 84 94 37 83 7 31 52 59 26 76 24 67 81 15 90 92 8 22 19 31 23 47 65 52 72 24 19 87 8 27 70 27 77 50 38 46 42 26 6 50 46 52 62 2 91 48 82 48 39 50 30 2 47 53 85 66 98 74 59 85 85 24 18 27 21 20 7 35 72 70 36 90 25 31 77 88 16 86 59 32 54 25 56 66 88 78 12 74 36 58 57 62 67 48 86 17 78 26 11 89 65 78
int 102 97 14 64 48 62 29 23 47 4 25 63 94 62 12 73 94 92 94 61 31 88 81 31 13 67 19 86 67 68 99 26 79 33 56 1 78 66 16 36 25 16 59 67 23 10 32 54 36 51 72 17 62 38 32 82 76 94 30 75 72 72 44 87 40 87 2 30 37 99 93 78 1 13 95 46 33 60 78 58 12 14 21 83 77 16 22 50 62 99 28 18 62 65 7 71 67 45 91 51 1 91 93
int 104 55 1 17 6 31 71 51 36 81 15 66 1 34 95 6 75 95 32 82 48 71 17 37 49 37 72 57 44 70 67 35 94 17 78 30 70 94 94 32 50 64 24 91 70 79 28 98 3 96 38 16 29 46 61 3 37 75 61 98 92 9 5 26 75 99 59 37 96 56 69 78 47 28 81 14 57 16 56 45 94 88 22 97 88 55 85 10 11 79 10 47 78 19 15 24 32 93 11 82 15 99 75 18 95
double 104 4.71 6.87 5.91 7.5 0.54 3.98 9.74 2.14 6.83 4.79 9.63 4.02 6.31 7.63 7.88 8.83 6.73 5.08 3.9 6.82 5.71 3.24 7.01 5.08 2.24 4.73 1.59 2.07 9.88 7.18 3.69 9.66 5.65 4.8 3.58 9.27 8.07 8.55 4.88 3.01 7.07 7.1 8.88 0.24 1.19 0.72 1.06 7.79 6.74 0.78 9.98 7.47 1.41 9.23 6.53 1.4 0.36 0.91 0.09 1.45 8.15 7.24 8.59 1.22 5.65 0.54 5.77 7.16 1.57 1.31 9.6 8.87 4.8 0.13 0.32 8.83 3.98 7.17 3.4 7.19 6.61 2.83 1.38 1.76 1.52 7.36 9.29 6.33 2.79 9.54 6.36 8.41 5.04 0.82 7.82 5.88 2.19 2.95 4.4 1.81 1.33 9.09 6.03 2.93
double 105 5.57 9.31 3.83 1.7 5.21 6.79 3.92 0.63 1.79 5.97 9.76 5.19 6.65 9.4 0.12 8.66 5.46 0.88 6.12 9.62 2.01 1.96 0.9 8.99 8.37 4.34 4.84 9.79 8.98 3.29 6.35 8.11 6.63 2.59 5.46 8.31 4.39 8.29 2.3 4.49 9.01 8.67 2.59 8.8 5.43 7.41 6.9 4.48 7.68 6.98 4.23 3.05 7.57 0.59 8.36 3.09 5.4 0.07 8.75 3.08 2.73 6.8 0.97 7.89 5 4.06 6.82 2 8.95 5.14 2.11 7.56 2.28 0.87 1.95 9.79 1.88 9.84 3.15 4.1 4.39 2.96 9.84 9.3 8.13 7.63 0.53 1.84 4.64 7.79 7.94 1.22 9.5 0.1 5.84 2.68 4.42 5.92 1.56 0.16 2.94 7.96 2.95 2.32 9.5
int 106 82 17 61 54 42 65 49 37 66 37 97 44 84 81 49 97 45 55 75 78 58 1 3 91 65 37 90 42 43 43 21 78 45 35 21 49 50 66 11 32 82 56 80 33 78 39 31 45 71 98 32 84 52 72 12 19 98 96 71 69 39 53 91 45 81 79 55 31 7 34 81 51 79 70 85 41 18 94 53 88 27 6 72 71 11 23 83 87 40 57 33 54 2 54 56 73 6 33 64 13 41 56 99 69 61 14
char 108 l c j b b r l j n e s s e b a p e t t i b k q j d t b t s j j k d g t g d i h d b s h o n r p p m k q s o p t m e d p b n i g a b q d l f g h l r t l j d g b m l h e h q h q q e n i q j c o r e a t g h l a k g d g a
char 109 o e n q c i i g o o d i e p n a o l b j g s n g m d s f o f p a d s m c g i g j a d r l o t c n j q n r c d n n n q e p l r m a p i n c s i c a s d l s n m t j d g l b o p d q j c m h c g p m d o i b i s c i k a t t s
