int 10 preorder 946 166 11 795 848 775 12 993 887 421
int 11 preorder 877 508 919 191 411 302 568 259 124 528 232
int 12 postorder 732 466 640 720 770 854 9 727 391 354 541 404
int 13 preorder 103 177 139 129 70 152 603 613 22 63 427 556 853
int 14 postorder 335 546 244 813 473 400 14 205 759 875 850 814 498 655
int 15 postorder 971 1 997 350 85 117 809 865 900 299 607 759 14 74 3
int 16 inorder 952 394 63 281 862 65 788 909 732 958 437 178 607 992 332 149
int 17 inorder 966 133 497 704 861 100 549 381 388 2 491 26 97 177 151 275 728
int 18 inorder 960 869 219 656 135 234 179 813 968 41 630 546 713 682 804 754 404 690
int 19 postorder 707 35 948 533 909 780 463 775 699 634 59 163 399 488 669 176 193 420 950
int 20 inorder 41 583 692 710 976 720 365 758 562 224 449 168 579 271 960 399 324 351 828 30
int 21 postorder 556 773 446 486 234 969 919 860 184 272 991 250 743 753 790 810 617 566 778 485 382
int 22 postorder 226 765 887 628 882 961 363 962 807 669 528 99 300 85 400 970 635 681 402 686 588 412
int 23 inorder 374 273 62 422 42 114 107 997 327 584 316 985 57 255 186 128 559 663 382 33 60 950 44
int 24 inorder 314 623 779 76 45 935 919 843 784 174 362 70 119 245 702 696 598 692 897 127 564 612 627 465
int 25 inorder 313 335 57 191 86 882 330 275 385 443 696 575 792 980 781 268 122 501 635 844 128 606 252 316 269
int 26 postorder 186 387 546 827 691 238 5 621 451 499 841 312 98 95 244 346 627 32 698 727 868 572 432 147 878 408
int 27 postorder 26 791 666 888 695 993 18 145 752 103 959 141 69 714 735 336 143 119 444 197 932 700 781 881 525 57 351
int 28 postorder 710 856 250 20 788 317 784 338 902 331 246 619 104 472 497 15 811 79 152 56 293 631 754 229 570 599 783 491
int 29 preorder 621 989 566 251 51 305 651 788 155 11 341 4 954 900 116 669 186 370 628 968 539 646 597 932 436 686 433 866 83
int 30 inorder 177 232 787 309 977 114 501 585 826 615 387 606 363 967 40 636 567 21 674 129 807 213 802 990 855 464 57 860 68 662
int 31 postorder 534 107 376 719 538 629 839 923 882 97 336 668 159 35 480 461 44 123 65 364 262 656 827 146 953 67 40 258 280 42 456
int 32 inorder 826 919 728 446 519 523 496 548 670 180 333 401 289 475 834 731 153 104 208 923 510 627 348 577 155 254 623 700 668 474 494 52
int 33 postorder 173 851 560 470 590 916 976 699 67 901 316 305 390 101 293 517 60 902 815 393 660 543 209 419 816 681 39 742 247 939 984 511 743
int 34 postorder 561 333 553 573 216 201 220 852 892 679 761 556 391 514 799 842 936 513 377 599 656 5 215 882 691 943 271 926 121 378 455 366 906 641
int 35 inorder 13 335 827 596 24 118 246 231 707 850 792 341 883 571 739 997 545 112 536 50 488 4 90 298 905 240 65 609 443 179 783 21 797 573 796
int 36 inorder 17 432 942 83 882 502 205 649 397 955 341 521 450 281 810 294 431 62 598 613 593 399 827 759 723 439 665 308 770 202 895 787 946 602 749 187
int 37 preorder 818 432 16 13 809 242 978 639 668 521 624 820 353 733 239 694 544 574 146 414 210 128 474 418 767 264 703 984 816 340 463 438 417 686 373 527 127
int 38 preorder 858 244 323 225 260 815 345 674 790 25 646 899 735 43 774 635 587 912 551 415 393 766 761 348 495 577 75 37 732 71 174 573 581 737 396 316 793 969
int 39 postorder 444 874 28 142 101 336 318 703 785 432 908 650 807 201 577 274 482 680 919 352 68 127 110 747 178 562 741 441 305 939 55 734 301 296 404 530 424 416 709
int 40 inorder 141 537 603 21 844 507 818 464 478 496 411 42 447 595 88 295 641 241 629 39 502 781 796 623 370 390 748 937 257 145 504 562 878 799 857 666 101 672 497 462
double 41 postorder 4.37 4.29 0.24 9.68 9.41 4.69 5.61 1.06 5.67 9.85 1.3 7.98 7.35 7.54 3.27 7.23 6.21 2.16 3.83 7.08 1.08 5.21 5.45 8.86 1.55 0.45 0.76 2.33 3.05 9.18 9.94 1.69 8.04 3.66 9.19 3.31 9.6 8.88 4.75 4.26 7.58
double 42 inorder 8.19 9.84 8.49 8.13 3.16 9.71 3.37 8.66 9.85 4.72 0.03 5.16 9.55 0.06 1.83 9.07 1.28 1.86 8.09 2.84 1.48 6.87 6.6 0.17 3.02 0.18 9.76 9.52 4.15 0.86 0.11 0.19 3.3 2.42 6.29 8.71 6.75 5.48 6.51 0.66 1.9 0.5
int 43 postorder 180 79 13 930 695 862 56 430 187 517 950 901 376 834 832 852 235 355 97 403 442 891 7 296 762 521 909 958 337 652 855 193 993 205 400 540 684 214 708 488 388 547 40
int 44 preorder 288 170 793 554 544 784 903 958 694 490 650 294 788 177 476 603 341 220 203 370 850 397 269 362 855 843 298 201 818 813 612 919 75 838 973 929 70 845 872 734 332 339 626 174
int 45 preorder 169 732 778 821 802 580 15 698 76 215 827 130 907 477 944 432 598 797 71 280 710 561 424 973 674 761 878 140 121 338 107 624 386 344 947 249 89 220 290 221 110 885 124 836 731
int 46 postorder 531 314 255 832 231 526 851 32 600 383 930 948 15 5 230 982 309 820 769 224 902 788 256 750 180 496 473 247 983 784 144 268 843 341 882 803 273 610 98 206 768 209 507 586 74 772
int 47 postorder 107 761 873 510 97 758 128 141 407 227 476 424 868 330 804 503 378 838 695 89 591 912 789 730 136 279 919 773 846 255 32 198 831 433 53 320 77 653 339 237 910 631 229 723 149 105 507
int 48 inorder 685 752 869 111 600 423 290 202 150 298 515 832 125 366 135 63 191 329 355 351 323 96 65 129 483 204 725 238 470 748 759 313 85 480 980 453 172 373 227 840 102 130 974 200 357 879 764 913
int 49 preorder 892 620 209 995 134 268 587 642 601 117 120 682 532 486 118 474 998 431 230 948 567 322 390 509 356 265 822 705 671 674 320 419 464 839 886 178 648 541 596 255 688 881 3 332 993 635 240 93 904
double 50 inorder 7.97 2.29 9.48 8.92 9.21 1.15 9.93 4.93 1.23 7.68 2.33 2.67 4.1 7.5 8.34 5.1 9.15 0.53 1.07 0.35 1.37 8.3 8.27 5.26 2.75 0.42 6.52 3.86 6.04 6.62 5.7 0.1 0.55 9.45 2.05 8.04 4.83 4.4 2.76 8.17 1.04 5.35 1.13 4.01 4.71 5.36 3.37 5.09 3.34 6.03
double 51 postorder 0.36 0.21 4.23 2.15 8.76 0.99 5.35 4.59 9.65 7.83 7.89 3.88 4.81 2.9 3.72 3.27 3.95 4.72 8.46 5.3 3.41 8.34 0.34 7.75 5.18 4.98 7.02 6.98 1.47 5.86 4.56 2.76 8.45 9.68 6.87 1.72 2.86 6.73 1.11 9.51 7.55 1.42 1.3 2.93 9.07 1.1 7.29 4.07 1.6 4.16 2.38
double 52 postorder 7.63 2.28 7.6 9.52 7.12 5.81 9.01 7.9 1.98 6.35 5.17 8.14 0.92 5 1.17 5.35 1.38 8.34 6.31 1.55 0.95 3.28 5.11 5.79 2.34 5.37 1.03 8.01 4.31 5.8 2.78 9.71 1.26 6.09 1.1 7.72 0.05 9.94 7.95 3.39 7.77 8.18 6.47 5.51 3 1.4 1.21 2.29 2.51 1.32 2.43 4.73
double 53 inorder 7.72 4.63 4.3 0.77 3.82 1.46 6.81 8.85 8.1 7.21 8.82 1.6 0.26 4.88 1.48 8.58 6.95 1.57 5.25 1.05 9.78 4.21 5.9 6.8 7.89 7.9 5.18 7.44 6.2 6.17 7.63 2.77 5.33 2.63 3.6 9.58 8.11 3.91 8.42 9.24 2.51 0.94 2.78 4.03 8.26 5.53 8.76 4.68 3.47 3.36 0.6 6.37 2.22
int 54 preorder 365 286 235 946 105 463 218 815 246 503 648 10 598 599 455 951 310 711 371 432 967 272 957 330 654 459 214 959 427 400 126 55 786 635 555 53 875 823 424 649 367 230 726 558 394 265 879 185 490 189 540 75 765 61
int 55 preorder 694 185 702 355 199 523 157 371 99 258 627 650 397 571 680 586 343 584 992 408 906 732 207 816 202 862 774 757 667 7 489 699 814 798 89 129 625 177 638 378 507 449 988 288 963 983 790 352 47 482 494 868 171 721 865
int 56 preorder 13 920 850 241 455 678 940 880 965 982 35 32 686 986 89 41 938 743 805 288 953 19 280 184 892 960 474 945 867 995 127 973 251 388 94 530 325 140 210 418 499 258 680 58 958 289 303 5 598 836 207 645 469 747 321 961
int 57 inorder 858 592 808 871 720 16 740 367 703 623 672 906 401 664 885 447 630 95 214 350 753 191 268 577 537 531 854 150 348 977 206 859 85 781 682 192 760 181 986 778 34 427 124 800 926 650 463 246 792 745 308 698 194 917 49 713 995
int 58 postorder 927 572 400 970 171 3 743 810 889 105 744 898 494 626 324 611 459 317 215 499 654 697 429 851 302 394 341 27 304 843 561 378 185 521 724 366 947 881 628 218 86 149 5 409 476 597 560 649 966 690 78 373 473 320 160 118 837 351
double 59 inorder 4.57 6.63 8.88 7.8 6.36 2.48 8.46 8.73 0.26 0.18 9.17 6.96 4.51 0.81 2.79 9.87 7.12 1.8 6.79 7.95 6.26 8.31 4.38 1.47 6.69 1.86 7.99 6.76 8.85 5.37 4 4.94 2.38 6.44 4.56 8.52 8.64 9.27 6.68 0.36 4.92 9.19 5.84 1.99 5.82 1.87 1.85 5.06 0.15 2.56 0.24 0.53 3.47 4.18 0.85 8.14 6.88 3.31 4.13
int 60 inorder 178 80 715 276 561 48 476 460 529 589 174 867 847 573 575 771 966 922 24 834 224 863 297 431 601 332 571 893 362 135 182 635 745 355 807 712 840 383 548 223 969 872 661 32 271 626 777 301 311 259 764 620 378 711 330 231 647 333 703 67
int 61 inorder 860 851 627 329 965 324 258 53 422 299 777 623 467 848 110 256 760 596 665 385 327 679 21 115 456 983 42 82 125 654 187 343 468 849 305 3 690 629 651 26 976 184 412 864 982 587 496 335 915 609 698 183 994 102 459 275 689 433 508 92 410
double 62 inorder 0.35 9.13 4.64 1.14 3.44 9.9 1.76 7.37 3.6 1.05 1.34 0.83 6.79 3.55 0.6 5.6 3.33 7.31 6.53 7.77 6.99 7.06 1 4.61 8.84 1.23 8.03 4.5 5.01 1.13 7.6 3.05 3.4 7.26 8.47 2.28 5.66 1.54 0.55 7.08 2.81 8.98 8.91 2.16 9.74 7.56 6.7 4.42 9.44 8.55 0.76 1.53 4.39 8.36 2.58 9.86 9.22 0.49 4.08 1.47 5.44 7.11
double 63 preorder 4.55 1.57 1.42 3.23 0.71 2.59 8.96 3.6 2.33 5.96 7.39 1.3 3 3.81 4.27 0.58 2.55 7.5 2.82 7.18 9.2 2.47 4.39 6.63 4.5 7.58 3.92 2.52 8.23 7.47 8.07 2.78 7.22 6.99 6.97 4.37 3.67 4.26 0.43 3.58 2.11 9.18 7.88 1 4.68 9.67 0.06 3.41 3.24 2.48 9.61 0.1 7.75 8.36 4.77 5.9 3.8 7.72 1.28 2.32 0.35 1.09 0.47
double 64 preorder 2.24 6.71 8.42 4.96 1.94 9.02 3.52 6.65 7.54 1.6 9.09 5.79 3.53 9.11 1.74 2.22 6.79 7.63 0.09 0.06 6.25 9.35 4.88 0.3 5.64 4.19 6.38 5.85 0.1 9.9 0.65 3.84 8.32 5.33 2.8 5.84 5.29 9.74 3.93 9.44 3.54 2.92 1.26 8.89 5.49 2.89 8.09 1.58 9.07 8.78 7.25 8.08 2.29 0.63 7.24 0.8 3.98 1.15 1.53 2.34 6.34 3.78 1.91 0.61
double 65 postorder 2.24 4.09 5.05 0.71 0.29 4.15 7.29 9.81 5.52 1.85 2.53 8.23 1.93 3.6 8.71 5.61 2.04 5.38 2.56 2.5 7.42 9.14 8.1 7.39 0.21 4.91 0.58 7.82 4.65 8.73 6.64 2.78 3.41 4.31 5.69 6.01 5.09 4.44 8.56 8.38 5.12 6.93 8.01 0.09 8.22 4.8 6.54 6.03 7.15 0.34 0.91 0.25 0.78 3.58 3.9 4.68 1.46 2.63 8.54 3.54 6.05 0.13 7.07 9.16 4.37
double 66 inorder 3.89 9.61 0.23 3.75 8.54 9.82 8.14 1.74 9.74 6.31 5.82 2.45 3.08 8.77 7.21 2.38 0.48 5.35 8.91 0.19 0.33 6.62 8.81 3.46 9.22 6.03 3.98 9.54 3.03 6.05 6.58 3.04 4.71 9.42 4.28 3.01 3.93 0.46 2.84 4.66 8.4 7.89 5.1 8.7 6.59 9.93 9.64 0.6 0.07 3.1 3.05 3.42 0.29 0.92 5.75 4.73 2.02 8.79 0.25 1.57 7.07 2.49 8.57 5.81 7.34 4.41
int 67 postorder 94 763 982 881 40 77 166 149 493 561 538 190 357 462 739 159 826 313 546 232 915 603 437 471 230 395 456 41 323 524 848 429 678 27 634 914 933 515 736 266 363 700 397 951 698 592 492 370 695 143 837 750 30 931 256 975 114 900 637 766 590 579 580 491 711 587 676
double 68 inorder 3.72 5.36 5.31 1.07 7.66 1.41 2.54 4.95 1.95 7.97 4.82 8.47 8.85 0.93 8.2 6.18 7.89 1.75 5.68 3.43 8.1 2.64 2.24 1 9.97 7.7 6.64 3.77 0.24 0.54 1.9 5.59 5.53 9.36 5.32 2.49 1.13 7.62 1.47 2.93 7.38 7.75 4.62 5.21 5.15 8.78 3.59 2.38 5.37 8.25 7.72 2.29 9.14 5.6 3.31 5.8 4.37 7.27 5.76 6.11 2.36 1.26 6.86 5.42 0.84 6 6.19 8.38
double 69 inorder 2.11 7.37 7.92 8.9 7.54 2.52 2.51 0.5 5.03 8.72 8.61 7.65 2.32 9.67 2.23 4.67 8.87 1.22 7.26 4.1 0.27 1.9 6.57 7.06 8.23 2.35 0.29 3.86 4.59 1.75 3.01 0.02 2.01 0.21 3.03 6.1 1.47 2.19 5.6 2.67 1.84 2.41 2.16 6.98 6.02 2.18 4.79 2.1 9.12 0.97 1.35 5.39 8.96 0.03 6.3 3.82 3.88 2.86 8.65 4.38 7.28 8.46 7.52 6.86 8.33 1.71 6.13 1.53 5.63
int 70 inorder 575 653 6 901 280 205 114 393 391 131 590 623 750 215 351 573 106 807 511 503 261 628 520 420 135 798 956 357 182 87 775 561 587 639 923 284 419 462 877 45 878 32 258 955 480 127 512 733 42 900 66 869 176 490 979 763 290 746 65 644 479 757 95 362 231 690 779 151 492 405
int 71 postorder 612 293 677 405 940 708 736 556 99 778 333 541 121 814 96 509 195 397 124 392 843 424 136 537 782 144 881 92 880 673 764 191 123 544 95 365 443 493 294 350 332 330 476 545 248 281 425 273 684 20 34 553 798 867 826 222 763 396 996 457 998 751 568 620 512 650 520 808 961 724 649
int 72 postorder 958 107 417 412 429 633 692 393 562 398 936 667 263 546 459 227 416 617 845 302 670 915 463 622 221 267 766 745 134 666 131 446 956 86 764 149 806 111 602 247 45 798 2 842 530 57 629 631 588 271 835 737 301 955 746 56 846 374 680 287 225 249 483 844 771 649 482 887 253 642 127 452
int 73 postorder 880 171 685 491 599 728 467 21 250 116 428 353 340 434 252 218 949 27 623 676 447 773 413 756 625 987 284 708 519 129 271 506 918 800 753 606 269 509 152 526 105 675 255 155 126 98 866 963 770 468 877 677 883 997 981 48 638 274 224 37 386 722 568 57 25 130 530 884 168 882 133 920 892
double 74 postorder 5.71 3.58 0.32 1.43 3.99 0.11 6.81 5.21 2.09 5.98 3.52 5.43 5.79 8.01 8.75 5.32 5.97 7.87 9.29 4.15 2.03 0.7 1.61 5.5 6.32 3.53 5.05 5.29 4.53 7.65 0.34 8.93 0.07 8.16 1.18 1.27 2.67 0.37 3.21 3.37 6.49 5 8.81 1.3 7.07 1.01 0.01 3.59 6.22 1.26 1.06 5.31 9.89 7.18 2.82 3.36 9.41 5.08 1.08 8.3 8.09 9.3 8.45 1.41 8.5 6.34 2.93 6.18 8.31 7.75 5.59 7.97 2.29 1.34
double 75 preorder 2.92 9.54 1.77 7.34 3.87 9.04 2.29 9.3 0.81 6.94 2.2 8.87 5.55 0.9 3.67 4.05 4.78 1.59 4.76 7.52 8.64 2.71 8.76 4.41 9.33 4.27 3.34 1.19 0.15 0.77 2.88 5.05 5.42 7.16 7.74 1.08 7.94 2.58 1.73 7.72 1.82 5.17 3.83 2.62 1.83 5.76 9.22 6.67 9.73 8.82 3.77 3.44 7.83 3.63 3.55 4.23 7.73 0.08 9.72 2.27 7.18 2.03 7.04 5.32 7.84 0.73 3.27 4.63 4.91 5.78 2.53 6.46 5.68 4.67 5.52
double 76 postorder 6.12 7.87 2.56 4.99 9.91 8.87 8.79 7.35 4.19 8.76 4.68 6.38 8.83 3.71 6.85 3.91 5.91 9.18 3.5 6.04 8.82 9.79 2.3 0.05 6.1 7.11 9.22 5.24 0.94 2.27 5.66 9.35 5.1 5.62 3.14 2.12 7.98 8.27 5.23 8 2.32 8.44 8.81 9.97 4.03 8.07 0.74 9.86 0.22 9.28 5.03 6.64 6.47 3.34 8.9 1.88 6.15 5.73 6.39 6.03 3.82 9.74 3.16 1.11 2.51 0.96 9.94 0.39 7.42 2.75 5.27 2 3.54 3.43 6.56 2.68
double 77 preorder 0.85 6.47 1.32 5.1 8.99 5.43 4.96 7.5 6.65 6.87 7.46 5.47 3.73 4.38 5.98 7.31 4.57 8.71 7.21 7.87 8.67 1.79 5.82 4.93 4.42 2.93 2.32 8.25 3.03 8.52 9.57 6.2 5.88 7.39 6.57 0.95 3.14 5.33 7.56 3.97 6.02 1.3 7.34 8.32 1.89 5.85 4.82 1.11 0.92 2.11 7.05 3.07 9.2 3.78 7.58 1.59 2.78 0.5 1.04 3.51 8.87 7.29 9.02 0.65 2.42 8.9 3.82 4.39 8.92 4.25 3.13 7.62 6.01 9.73 7.43 8.34 7.54
int 78 postorder 68 656 247 66 830 60 9 82 913 561 936 163 143 946 596 365 947 6 339 971 483 421 487 565 84 951 383 694 824 450 730 20 538 921 906 381 933 422 329 836 707 154 448 410 308 644 54 444 498 32 234 486 977 552 994 672 833 960 987 860 80 895 586 439 5 399 662 10 923 654 880 58 729 794 531 850 459 258
double 79 preorder 9.89 8.9 4.43 6.65 7.71 5.65 3.58 5.48 3.8 3.94 1.69 8.55 6.54 4.91 1.17 0.99 1.9 2.07 2.86 0.74 0.4 8.58 9.07 9.98 2.56 2.82 1.58 5.4 1.14 7.73 5.16 3.59 5.21 5.7 7.68 8.79 4.78 5.63 5.67 1.24 0.11 5.06 5.9 3.3 7.04 3.11 5.38 0.48 1.32 7.45 9.87 8.76 6.5 2 2.85 0.47 9.33 3.51 2.11 2.16 6.88 8.01 5.97 2.79 6.59 7.02 9.03 7.44 5.81 3.75 6.37 6.72 5.82 1.76 6.55 3.99 8.32 6.15 7.78
double 80 preorder 4.78 0.4 6 1.13 4.02 1.72 8.55 0.43 5.44 7.94 8.87 2.94 7.06 4.38 9.41 7.37 0.17 7.89 0.26 5.27 1.52 1.53 3.27 8.92 5.82 1.5 2.23 6.03 7.01 7.32 1.87 5.98 4.2 5.18 1.64 5.06 0.63 8.79 8.3 5.45 7.15 4.18 0.92 6.6 8.56 1.82 7.26 5.81 5.23 8.49 5.21 9.88 4.49 3.14 4.5 3.91 2.6 0.29 7.68 6.94 6.25 9.56 0.86 5.49 0.46 9.86 8.09 8.44 2.46 1.44 2.07 3.33 2.95 7.7 0.47 8.14 3.24 5.67 7.1 1
int 81 postorder 104 956 285 692 900 320 691 360 402 344 189 980 981 561 969 192 648 414 763 726 299 310 741 493 57 471 991 326 547 606 859 296 59 390 737 536 667 388 267 74 340 978 503 177 279 920 890 937 545 56 99 449 857 367 976 324 200 953 116 379 172 674 109 315 430 543 350 993 800 689 594 878 36 582 736 779 407 128 474 307 780
double 82 postorder 1.15 2.46 6.14 6.83 9.45 1.22 6.91 6.89 8.1 5.48 1.89 9.27 2.2 7.87 7.82 1.33 8.55 1.26 6.82 5.61 8.78 5.92 9.93 1.74 2.14 7.74 6.97 0.24 9.71 7.14 4.18 0.78 8.31 2.59 7.99 6.58 5.89 2.27 3.26 4.61 4.96 0.09 7.55 9.62 7.66 6.85 0.59 0.23 8.86 5.69 8.53 8.06 4.93 2.52 2.4 6.07 6.92 5.22 4.57 1.5 7.7 2.29 8.7 8.29 0.99 6.25 9.51 6.36 8.34 8.68 9.76 5.91 8.77 1.85 9.61 0.73 6.46 1.35 4.79 7.13 4.86 2.3
int 83 postorder 244 604 317 653 967 536 162 973 867 718 710 212 665 309 991 355 527 798 605 397 402 663 845 981 594 528 511 586 679 378 453 461 24 416 671 331 235 187 253 465 648 792 517 455 831 921 246 202 115 895 318 564 705 431 768 479 248 757 101 160 809 373 173 676 735 825 508 851 833 622 276 454 451 520 65 316 257 97 884 27 445 980 161
double 84 postorder 1.26 9.25 4.34 0.22 6.57 4.27 2.26 6.47 9.26 4.3 0.41 4.63 0.26 6.18 6.05 5.74 8.99 9.71 0.3 8.48 0.33 9.14 7.14 3.7 9.44 4.13 6.84 3.01 1.46 2.82 7.89 2.24 2.62 9.46 6.04 4.82 7.42 5.09 4.25 0.69 1.96 8.62 8.5 9.54 0.51 7.61 7.25 5.69 5.18 5.82 3.42 6.21 5.12 8.4 8.8 3.4 0.56 3.61 2.3 5.63 1.3 6.07 3.75 9.61 0.79 1.52 0.78 3.72 4.44 0.76 9.67 7.07 0.14 9.02 0.54 1.09 8.47 1.61 8.46 2.43 8.19 8.55 8.49 6.17
int 85 inorder 883 531 842 341 106 816 534 88 32 856 952 275 336 129 37 963 241 128 648 814 41 657 867 813 845 572 295 140 134 507 747 871 221 784 958 583 982 865 824 139 602 873 55 361 634 190 853 855 686 927 947 245 264 54 765 836 844 828 673 57 470 983 23 318 340 798 815 970 725 307 201 925 995 613 183 162 862 551 70 753 73 896 156 902 109
int 86 postorder 657 605 377 430 434 792 317 930 95 310 950 529 341 287 894 998 952 790 374 685 639 654 518 890 144 312 136 306 453 425 802 259 164 486 228 159 460 575 840 404 680 235 955 917 56 771 627 798 311 842 334 395 244 133 347 398 925 184 22 869 44 51 74 329 484 935 482 241 690 992 964 831 855 839 118 818 129 335 80 350 222 305 813 33 750 531
int 87 preorder 978 122 700 480 409 751 86 116 350 443 14 281 527 990 808 477 456 713 863 630 372 123 90 189 143 592 472 147 112 989 448 410 772 511 507 323 181 623 622 391 389 786 182 773 469 619 821 250 868 435 249 487 702 802 640 226 151 295 234 964 130 504 598 709 388 320 496 861 594 656 662 201 720 97 15 223 46 522 812 21 379 40 985 127 508 675 986
int 88 postorder 618 900 134 865 219 749 942 875 557 60 784 529 12 812 549 971 548 972 372 412 53 366 714 919 984 119 400 438 541 251 86 665 834 216 344 469 483 647 326 913 967 96 697 112 847 161 390 417 463 169 321 776 955 473 806 581 226 908 587 911 166 19 384 882 946 528 181 231 705 895 410 614 611 492 144 800 737 924 373 756 848 604 480 656 16 695 718 678
int 89 inorder 608 742 440 307 436 940 706 929 245 996 813 854 29 145 718 734 203 410 631 575 58 548 754 72 217 494 344 261 498 644 586 705 170 452 902 71 80 639 439 711 667 95 69 316 421 374 116 757 613 942 815 512 556 794 264 921 997 126 798 57 576 351 769 271 487 915 291 89 625 776 809 321 486 206 18 239 388 448 289 265 557 182 579 132 911 482 851 282 833
double 90 inorder 8.67 0.5 3.52 9.01 0.09 3.97 0.48 4.19 9.76 9.29 5.11 0.08 9.87 9.16 0.71 9.18 5.22 5.97 4.42 9.5 9.06 5.04 5.15 2.74 3.72 9.9 1.57 6.52 0.53 6.67 9.78 0.55 9.72 9.96 1.52 7.09 7.64 3.68 3.73 5.13 2.39 6.76 9.03 5.48 8.96 0.85 2.19 8.76 1.05 0.72 9.86 7.79 9.11 5.21 9.82 8.37 9.63 1.9 5.89 5.51 8.69 6.34 8.29 9.98 8.91 8.28 1.93 9.95 7.54 9.17 6.97 3.43 3.16 8.44 8.94 7.72 4.18 5.52 3.38 7.91 0.54 3.36 5.91 4.91 2.44 8.82 8.07 4.17 8.16 2.69
double 91 inorder 9.31 5.58 5.21 6.03 3.28 0.28 5.33 1.95 2.6 4.04 7.7 9.14 7.21 9.24 9.63 6.24 4.14 8.35 2.99 2.33 6.82 8.49 9.13 8.25 6.21 5.82 5.2 9.7 4.97 5.75 0.69 0.81 2.36 1.83 0.54 9.56 1.74 5.81 3.26 1.49 7.26 2.9 6.16 6.05 0.16 3.51 4.29 2.05 8.48 5.26 4.75 8.11 4.07 5.18 2.94 9.21 1.46 8.06 0.93 8.74 2.64 0.5 1.48 7.34 6.34 9.16 0.75 4.11 2.82 7.09 2.87 9.88 1.75 3.1 3.99 1.23 1.08 6.53 3.44 9.9 4.12 7.81 1.43 8.3 9.34 1.59 2.8 7.15 1.72 3 2.74
int 92 inorder 68 254 552 605 176 996 842 166 432 190 537 84 13 544 364 956 116 237 886 933 268 511 352 534 38 321 413 341 123 529 276 180 119 586 932 163 954 821 152 497 733 939 290 755 306 339 514 898 763 747 981 473 725 994 889 998 461 831 477 934 531 627 493 812 900 623 96 856 577 762 188 310 807 558 945 73 71 715 203 198 661 195 305 664 600 683 184 48 138 949 214 353
double 93 postorder 3.42 8.78 7.53 8.43 5.33 1.17 6.45 0.66 2.86 4.32 4.02 4.41 5 8.36 4 0.54 8.06 6.34 4.77 3.03 4.65 4.39 1.87 7.44 3.09 0.31 4.59 9.94 7.16 4.6 5.48 3.08 7.69 6.75 3.75 7.31 1.12 1.52 8.85 5.59 0.29 3.29 6.09 4.14 6.44 4.87 4.58 2.55 1.27 6.18 0.05 4.79 3.62 1.06 7.32 8.05 3.07 4.38 7.95 6.48 0.96 8.9 8.72 2.1 7.09 5.86 9.47 1.11 8.99 6.25 0.3 8.12 9.22 5.7 9.26 2.04 1.86 3.41 5.11 0.91 6.02 2.67 0.68 2.24 8.48 6.67 4.43 9.29 9.09 0.78 5.41 7.85 3.98
double 94 inorder 7.74 6.13 4.87 4.53 9.69 2.27 1.73 8.09 0.88 5.56 0.37 4.9 1.7 4.62 9.63 2.28 0.53 5.64 3.79 2.24 3.06 1.78 0.22 2.56 8.64 1.64 3.7 9.84 9.25 7.05 9.19 1.08 1.79 9.78 5.14 0.12 3.11 6.45 0.42 5.59 0.31 3.34 3 1.22 0.24 3.77 3.96 7.23 6.61 8.47 3.67 5.33 1.72 3.81 9.45 9.79 3.94 9.95 5.23 1.24 9.76 4.5 1.02 3.4 1.52 9.72 1.13 7.04 8.65 7.83 7.36 4.72 3.6 2.31 6.51 6.4 1.75 2.75 8.49 8.85 7.09 6.26 5.32 5.42 0.07 9.1 4.71 8.62 4.64 0.13 6.17 5.68 4.43 9.43
int 95 postorder 670 47 924 980 510 197 88 687 450 717 861 337 77 236 654 124 988 579 714 810 16 744 535 972 826 894 739 633 966 518 216 632 962 893 287 564 904 417 34 354 175 506 441 951 930 705 937 18 758 530 552 978 716 554 447 43 390 533 463 17 842 671 604 114 144 574 955 78 465 726 741 118 328 65 301 396 482 635 210 339 818 912 641 891 294 313 792 838 3 397 878 952 959 241 531
int 96 preorder 678 84 91 499 727 498 419 14 387 985 846 486 388 315 843 997 830 434 710 768 879 816 954 475 630 648 651 528 367 633 560 313 506 145 306 803 597 261 11 943 312 175 390 766 848 123 396 418 57 675 401 694 415 141 667 549 96 403 800 269 296 770 374 683 948 71 522 891 178 424 775 637 298 484 47 467 413 972 516 885 845 793 720 728 358 602 464 755 618 341 653 292 792 24 733 93
int 97 inorder 764 25 489 694 69 869 521 548 192 26 383 510 236 321 902 173 119 402 533 369 960 667 293 341 242 955 36 879 442 169 473 145 744 394 463 739 67 882 20 896 557 27 855 697 84 578 725 197 284 342 396 185 406 191 925 459 715 500 156 275 546 310 793 395 525 655 710 898 803 958 563 257 492 945 320 994 657 364 555 549 269 103 65 146 950 899 818 853 591 314 265 297 403 499 880 560 211
double 98 inorder 5.44 0.58 6.46 8.53 9.91 9.12 4.23 0.07 9.84 5 5.86 0.48 7.57 4.12 8.79 6.79 7.08 7.07 1.95 1.24 3.76 3.72 3.02 9.97 9.76 8.5 2.28 7.8 1.74 3.4 6.55 2.72 1.68 7.83 8.38 5.88 3.09 5.97 3.03 4.22 5.18 6.47 2.03 4.26 1.61 9.74 0.33 2.92 5.65 3.53 8.62 1.53 4.48 3.2 7.98 7.5 1.31 1.82 3.14 1.69 5.26 7.36 2.06 2.66 8.74 7.18 6.22 0.84 0.5 1.03 2.56 6.48 9.31 7.78 2.89 1.81 4.13 3.34 0.16 6.11 8.46 9.65 6.7 0.52 0.03 9.16 0.69 8.42 2.8 6.66 0.29 2.85 7.03 0.34 5.39 9.43 6.69 7.13
int 99 postorder 169 80 207 673 585 486 381 521 540 18 992 473 455 10 955 269 522 842 201 900 59 60 818 879 758 114 864 459 104 15 606 499 4 168 496 921 300 804 739 149 730 410 974 25 837 780 922 244 676 632 743 28 941 412 387 446 372 789 533 296 771 594 684 210 309 722 791 82 385 391 721 987 893 259 253 497 32 707 724 828 682 70 774 832 173 708 186 401 793 587 732 293 726 249 44 688 83 916 991
int 100 postorder 452 388 878 11 488 5 209 998 17 887 730 30 762 228 86 832 437 66 758 648 576 326 798 833 448 295 927 986 351 774 363 384 559 782 166 114 187 157 412 178 910 195 468 930 663 308 160 830 411 524 617 173 150 750 21 409 424 596 578 39 25 864 907 377 355 233 614 421 653 764 675 293 211 207 481 676 182 230 280 376 274 985 359 156 644 619 319 608 949 890 671 94 860 791 528 26 844 432 831 582
int 101 postorder 210 939 595 875 473 23 190 508 884 220 230 424 159 461 660 465 780 829 859 30 964 308 279 117 274 779 920 178 22 579 342 38 704 993 12 835 56 358 115 68 492 418 541 335 648 954 297 392 109 897 52 25 834 526 248 419 642 9 153 8 913 536 216 793 708 815 324 659 998 974 113 881 174 571 349 654 796 459 986 968 307 96 694 741 80 257 891 728 86 454 98 867 753 479 499 411 509 204 135 276 134
int 102 postorder 804 35 286 38 10 781 722 388 725 939 632 438 599 521 800 943 402 154 702 724 910 726 991 731 274 442 619 904 958 775 223 339 639 441 524 564 252 844 988 352 41 405 107 566 882 682 630 602 229 309 582 327 647 16 66 75 143 655 605 510 360 139 175 729 338 89 953 268 57 319 95 279 763 842 942 124 118 489 776 681 856 228 263 961 890 214 669 314 764 542 119 136 798 718 941 589 723 284 700 176 436 132
double 103 inorder 0.75 8.7 3.52 6.77 6.64 4.58 3.69 0.16 3.09 0.25 2.11 3.03 1.47 9.83 7.08 6.85 8.12 4.88 9.28 2.08 8.93 5.84 6.4 2.02 7.37 6.54 6.72 5.56 5.41 1.17 7.79 1.43 2.41 6.24 5.97 8.29 3.99 1.18 2.23 7.54 2.96 8.34 7.81 1.32 1.68 3.16 0.99 1.13 1.25 5.4 8.44 5.8 5.27 5.44 1.76 2.51 5.76 5.81 4.32 1.92 7.65 2.25 6.45 0.56 8.8 5.65 3.4 4.89 7.52 2.06 1.33 4.15 5.57 5.03 8.45 4.11 0.1 2.78 9.79 3.56 6.98 1.98 9.96 3.25 3.11 0.85 7.09 8.78 0.63 6.58 8.74 6.29 5.89 3.34 7.41 2.92 9.74 0.84 0.36 4.99 6.38 4.93 3.78
double 104 preorder 5.84 9.54 8.93 3.43 5.13 3.56 5.55 1.71 8.34 0.03 7.58 1.61 4.73 7.24 9.32 8.24 5.26 2.75 6.75 5.76 6.11 5.18 3.45 7.07 0.24 1.3 0.98 4.37 5.73 2.56 4.18 1.43 6.32 5 2.99 4.69 0.6 7.4 8.04 7.87 0.72 9.07 2.97 3.3 9.27 9.88 3.02 0.1 0.71 8.39 9.12 4.44 6.29 1.06 3.69 4.49 5.06 0.94 2.12 1.26 7.63 6.35 0.4 2.07 8.01 2.5 2.57 8.26 8.79 8.9 7.35 9.93 7.26 1.41 6.46 4.59 0.56 8.89 2.29 1.03 4.71 0.57 6.28 7.74 4.62 6.89 2.32 7.62 5.25 6.78 4.66 2.15 4.05 2.98 1.6 9.77 9.52 0.48 2.03 3.33 8.28 0.88 8.23 4.06
double 105 postorder 0.32 9.08 1.99 6.36 7.93 0.13 8.05 9.89 8.38 9.79 1.47 1.77 7.74 5.92 8.43 0.82 4.05 4.09 3.34 1.7 7.89 1.87 2.55 8.44 2.94 6.74 1.4 4.93 6.54 9.88 5.83 7.17 0.95 8.36 6.91 6.58 7.96 7.56 8.93 7.09 3 4.46 1.52 3.06 9.1 0.58 8.71 3.16 8.02 3.05 1.08 7.01 0.83 3.65 0.15 3.66 4.96 4.49 7.23 1.29 4.58 3.75 5.22 5.38 4.13 0.98 2.51 0.56 3.55 5.3 4.44 6.77 1.04 0.22 3.62 2.28 5.73 6.14 4.86 0.96 9.39 3.67 7.55 5.08 1.98 1.3 6.07 9.75 8.45 5.57 6.64 2.33 0.79 8.13 5.24 7.69 0.68 9.91 2.16 9.97 2.4 3.51 2.07 3.72 2.09
int 106 preorder 666 836 320 695 982 572 585 591 256 90 462 731 449 338 399 723 55 744 28 411 134 535 988 508 832 844 785 332 949 943 981 622 646 237 766 770 23 909 118 82 941 946 880 499 966 379 31 333 319 608 485 389 111 87 638 345 697 130 147 36 407 461 721 395 105 86 447 771 497 121 45 206 177 59 594 7 712 753 270 504 208 448 285 180 444 108 945 316 813 148 9 667 641 924 64 974 299 77 633 293 574 528 815 328 507 179
double 107 postorder 3.62 7.58 5.33 0.52 7.13 7.86 8.59 9.18 4.2 8.33 5.26 4.39 0.19 4.08 2.77 5.42 4.32 1.41 4.77 1.53 1.5 6.33 8.46 5.02 8.13 0.69 6.54 1.45 7.02 4.3 5.21 2 9.9 2.31 5.87 5.85 2.72 3.17 8.69 1.09 2.83 8.61 4.46 5.5 3.05 0.1 1.62 8.44 8.74 8.95 0.07 1.87 3.58 6.27 0.17 2.51 5.05 9.31 5.12 7.42 7.27 6.58 1.17 7.92 1.92 4.19 6.12 5.97 7.81 4.59 0.29 1.36 1.19 0.09 4.51 7.36 0.45 0.49 3.59 9.09 6.92 1.89 1.7 0.04 7.48 2.29 8.11 3.29 9.45 8.36 9.65 8.41 0.48 3.69 0.6 8.62 0.91 7.41 3.93 4.52 4.61 1.57 5.76 4.49 0.77 1.85 7.33
double 108 postorder 1.65 2.09 3.3 8.59 9.9 8.34 6.85 9.54 6.77 2.42 9.91 4.39 3.47 5.18 5.93 3.12 3.81 3.93 7.42 7.53 5.14 8.74 5.64 7.6 6.29 2.37 8.09 9.83 4.37 4.25 6.24 4.57 7.64 3 0.17 0.11 4.28 7.97 6.81 3.72 3.6 6.87 3.88 4.82 1.74 5.66 6.04 3.24 8 7.51 1.84 9.51 3.17 7.88 0.55 5.87 9.86 2.8 7.32 7.58 9.11 1.66 1.52 3.78 8.88 5.61 9.07 7.27 9.79 6.73 9.05 9.81 6.42 9.24 8.23 6.34 1.08 2.07 0.56 1.87 1.03 2 5.62 4.62 4.09 7.21 9.65 4.03 8.72 3.73 8.47 1.85 6.69 8.63 3.67 3.21 4.16 6.31 7.24 5.89 8.17 5.34 5.94 7.35 6.82 0.77 7.92 2.02
double 109 postorder 1.15 8.7 1.42 1.56 3.83 2.23 3.58 8.35 7.05 8.03 0.5 2.62 4.79 5.37 8.68 5.4 6.86 9.93 1.39 2.49 5.33 4.78 2.9 6.78 5.26 2.73 4.71 3.85 7.86 0.85 9.84 0.46 5.18 0.26 6.8 1.7 0.34 3.99 1.92 0.75 8.48 9.96 7.45 0.21 2.45 2.81 7.98 5.74 7.55 1.69 4.23 5.2 9.36 2.37 7.85 9.39 3.77 9.67 2.75 4.5 6.19 3.84 2.28 4 5.49 2.3 3.69 0.18 8.05 0.67 3.4 5.57 1.79 4.07 2.13 4.91 9.05 6.65 3.42 8.13 9.64 6.73 8.71 1.14 2.42 4.7 0.42 4.63 0.08 7.95 3.1 2.08 9.47 6.62 0.62 9.92 2.67 3.73 8.77 1.5 9.28 5.28 4.9 2.14 4.77 0.54 1.52 0.32 4.58
