10 4 10 13 19 9 19 1 7 12 13 16
14 3 23 22 5 24 22 4 11 19 26 8 14 3 3 10
18 11 7 18 2 32 24 9 31 33 16 30 15 16 31 32 16 21 2 23
22 11 14 26 33 37 37 24 14 11 8 11 9 14 12 31 39 23 35 22 21 21 5 20
26 15 31 30 20 36 12 2 40 48 14 4 25 39 48 7 41 34 8 3 20 23 29 39 13 37 27 39
30 26 55 16 29 8 0 22 52 36 7 6 51 12 11 23 36 5 7 53 46 33 32 45 40 33 57 33 15 39 31 58
34 11 23 36 18 28 20 11 38 55 66 16 32 65 33 9 55 61 30 24 65 39 23 15 30 3 52 23 5 58 14 20 13 5 26 25
38 18 68 48 32 75 11 24 28 35 22 10 37 63 9 25 57 43 4 39 44 64 50 26 43 63 75 53 17 43 5 28 28 56 46 71 31 1 42 53
42 3 19 9 70 2 21 25 79 60 49 34 73 18 46 78 20 2 71 42 56 67 68 81 3 43 56 33 36 2 46 59 68 34 77 44 75 78 71 70 47 59 34 74
46 14 37 46 16 43 23 77 91 4 64 73 76 65 83 64 11 39 59 11 33 15 80 54 74 2 6 58 77 48 78 83 81 41 73 69 84 14 88 88 89 62 50 62 35 58 21 24
50 16 35 71 24 70 66 93 28 26 33 99 3 26 88 41 89 19 81 15 23 98 52 68 61 89 1 83 93 20 13 42 26 50 56 32 6 92 64 2 6 90 19 2 34 75 92 32 94 69 43 47
54 36 35 28 57 10 98 60 90 29 22 22 18 100 66 61 29 43 96 84 72 1 66 24 22 104 95 37 14 51 101 46 68 55 8 87 37 30 56 17 102 54 48 40 56 67 99 99 57 97 51 28 72 18 53 72
58 6 91 16 60 107 60 8 82 110 21 64 101 4 112 64 98 30 36 65 7 72 33 14 115 9 38 67 60 57 9 58 63 70 47 74 35 1 2 72 97 70 108 69 87 76 11 31 44 84 63 81 101 90 45 33 109 45 5 23
62 32 7 121 47 80 35 22 78 19 34 80 80 81 114 95 21 51 76 94 86 48 36 46 28 98 120 46 87 62 100 32 24 66 91 75 110 3 7 45 24 84 74 93 72 57 50 28 96 77 44 86 51 33 119 109 20 6 6 50 59 48 91 28
66 8 129 19 130 52 43 52 120 110 73 51 71 90 17 0 8 122 72 82 96 65 65 128 13 71 7 64 94 70 10 18 9 122 90 72 48 67 65 67 61 84 35 112 22 83 35 47 7 106 5 5 62 57 108 47 32 9 31 12 78 22 91 51 32 19 0 84
70 42 111 129 133 16 10 10 131 111 121 111 10 70 63 15 128 67 63 40 139 117 131 59 123 1 68 36 50 84 63 104 27 4 15 123 21 53 121 86 108 51 34 124 71 2 2 57 21 43 105 109 59 99 22 96 136 108 128 118 9 40 87 127 139 59 134 35 96 82 120 62
74 40 92 112 49 147 146 25 73 95 69 50 15 8 82 42 146 19 101 91 10 56 121 80 91 40 47 1 115 19 31 132 19 73 72 49 93 49 68 41 7 11 86 26 129 83 16 54 67 68 36 39 54 55 100 106 105 19 101 136 120 64 113 131 15 124 12 143 47 9 78 8 39 79 45 16
78 17 80 94 152 79 8 33 4 116 138 127 68 64 50 67 139 108 107 154 30 107 8 142 52 0 117 93 79 81 43 127 93 21 71 66 127 12 23 129 112 90 84 109 78 92 72 103 115 71 108 66 53 91 130 3 40 70 85 13 49 117 98 57 58 64 102 15 72 15 4 112 10 109 146 121 16 76 56 101
82 33 122 43 34 92 163 145 42 93 158 159 115 61 159 70 153 22 150 129 157 125 43 134 137 60 94 156 101 13 76 62 126 10 143 80 94 22 25 80 138 23 88 156 133 129 137 30 129 9 70 34 16 53 7 147 57 119 91 134 77 122 120 14 24 120 39 157 84 106 73 1 145 162 27 158 53 34 8 107 137 51 23 114
86 59 50 84 99 8 85 22 122 60 48 34 100 1 117 161 128 88 38 13 56 118 117 16 151 44 142 170 57 102 59 60 49 100 73 113 17 39 50 133 118 68 121 154 0 117 142 68 66 138 135 90 47 72 106 90 17 124 60 170 51 100 6 93 84 158 149 90 153 60 98 81 153 109 61 120 137 151 78 33 42 8 76 131 11 1 99 102
90 8 176 152 89 113 32 144 6 175 22 27 133 10 102 93 7 11 112 137 28 171 140 29 92 31 153 49 33 27 5 41 100 86 66 49 58 64 65 90 83 47 133 61 152 60 57 165 76 1 35 157 161 177 168 89 33 37 8 41 112 53 146 100 174 100 150 118 95 68 55 101 131 138 135 40 134 118 70 41 96 12 155 128 170 15 128 3 87 121 88 88
94 54 153 100 134 118 40 56 62 27 180 21 171 117 183 84 71 163 183 152 24 155 121 2 182 133 106 169 119 52 140 34 40 33 85 124 121 182 9 166 65 184 23 86 30 20 95 42 146 1 105 68 179 111 47 91 168 143 83 1 156 153 4 117 101 9 143 78 28 11 171 103 150 163 119 50 1 127 40 112 170 181 31 38 169 112 91 66 124 32 148 169 134 135 137 49
98 86 120 64 54 16 50 114 194 94 152 176 124 0 88 89 37 84 47 16 140 66 132 17 92 15 194 131 148 183 151 100 81 20 99 130 158 115 149 45 84 47 112 64 168 109 115 146 121 129 195 90 166 82 86 36 155 114 66 124 44 28 133 169 2 94 168 0 66 26 185 78 175 163 12 87 149 5 132 149 170 73 159 74 172 194 91 18 147 84 163 189 130 184 29 111 14 183 181 59
102 50 108 107 177 89 86 62 49 155 194 35 5 58 142 46 55 153 3 106 148 151 40 131 125 13 142 181 191 202 4 202 63 110 161 172 134 142 125 33 70 202 54 187 29 178 125 104 175 118 1 183 12 94 15 117 200 114 33 164 169 103 116 64 149 42 185 75 110 18 86 131 37 81 17 63 34 73 14 12 53 106 12 40 59 56 180 194 127 81 145 45 200 43 131 190 144 21 156 161 179 25 79 17
106 80 120 63 20 100 37 114 12 11 10 116 95 210 207 72 54 94 12 140 66 57 59 23 116 25 24 206 107 91 84 79 127 138 149 64 43 12 200 210 53 103 29 188 18 53 91 37 117 199 92 203 29 7 64 77 92 211 118 38 153 101 119 39 204 14 182 105 22 105 105 203 95 29 193 147 77 58 56 192 141 26 46 201 112 139 68 198 12 131 80 30 20 63 189 117 68 43 184 55 27 176 41 206 4 171 74 62
110 69 214 193 197 206 94 3 59 182 46 85 199 23 21 114 80 173 108 149 158 206 134 119 149 205 37 92 162 118 103 134 122 173 31 218 80 57 31 15 112 12 11 81 168 82 10 115 57 125 63 57 149 17 157 161 196 54 33 189 7 100 14 52 105 173 145 84 21 120 29 129 132 218 107 145 13 170 158 79 118 45 105 46 160 94 197 24 209 11 144 40 64 10 19 46 44 174 168 47 178 199 166 184 201 66 159 71 73 94 60 184
114 55 72 198 77 122 117 79 80 124 44 104 224 202 28 67 217 51 87 179 18 195 39 91 2 5 194 81 78 38 199 52 157 97 3 91 38 120 93 44 176 9 72 139 24 20 83 4 211 96 68 83 130 167 38 118 155 218 146 126 39 30 105 188 131 22 0 146 139 147 165 1 11 60 165 199 133 12 44 5 181 27 188 72 227 118 189 169 183 15 32 62 134 227 55 3 43 167 176 88 99 137 170 139 187 143 110 73 33 197 91 133 2 106 193 4
118 41 202 104 232 161 189 190 228 13 178 51 230 220 18 105 89 159 196 158 156 74 91 221 165 165 196 168 85 77 147 29 177 65 21 192 58 235 200 181 1 182 108 118 183 102 90 206 231 197 16 229 92 30 167 134 169 129 26 53 108 105 218 132 7 164 72 190 207 102 221 60 112 124 198 165 88 89 121 46 73 76 129 146 169 24 91 36 46 64 170 125 164 78 225 60 60 229 91 49 204 129 138 66 20 219 114 128 184 194 214 82 17 121 39 98 222 111 101 9
122 5 57 173 31 161 197 98 27 91 42 49 173 161 188 155 96 191 74 47 36 199 118 161 185 230 159 89 112 209 32 159 222 129 126 154 68 105 91 94 152 209 220 194 76 109 43 16 126 42 242 198 34 21 162 133 136 223 51 90 93 62 5 39 80 44 224 27 102 126 102 142 173 155 109 13 41 157 120 67 64 128 89 227 172 227 56 14 139 72 228 202 8 67 76 211 54 84 107 204 125 85 146 39 103 119 104 231 93 190 155 85 134 218 95 197 41 79 152 139 62 210 3 151
126 93 26 3 219 142 226 82 60 90 202 1 103 223 24 105 154 140 7 34 119 8 16 41 2 228 9 154 14 17 196 181 10 228 8 154 145 24 104 137 21 111 217 59 157 159 57 165 235 110 97 198 5 68 172 167 244 148 117 163 1 50 168 218 5 122 135 93 160 24 236 30 161 107 234 69 161 228 239 195 115 174 111 144 33 111 35 226 205 229 91 190 169 91 64 190 87 62 218 15 89 83 218 12 115 222 103 142 63 65 19 44 27 81 27 101 233 94 30 65 251 82 106 97 57 238 5 77
130 116 43 181 128 112 234 87 252 59 184 205 220 40 129 5 177 84 257 254 118 15 1 172 157 10 192 123 226 166 147 9 200 207 155 165 128 11 188 11 153 227 13 141 219 48 33 243 153 3 96 104 151 14 197 158 39 151 218 36 157 191 242 163 141 63 149 244 87 232 159 135 116 88 215 59 33 132 165 158 177 163 43 248 42 231 14 95 169 120 13 159 9 89 137 45 149 47 220 194 121 221 13 58 202 183 113 4 91 205 43 80 233 256 143 145 155 238 29 158 8 164 16 72 37 158 123 159 86 147 248 18
134 77 18 169 131 218 179 7 177 252 13 175 27 47 227 223 33 25 89 91 141 256 259 130 232 156 71 169 96 171 1 38 12 99 258 28 151 94 40 106 141 45 259 206 74 168 78 204 141 238 250 240 66 119 224 23 204 118 130 76 202 84 63 22 69 204 159 249 71 43 196 51 261 21 207 239 102 102 223 121 138 40 251 121 119 265 42 254 10 75 84 201 23 178 96 96 212 130 37 196 191 116 141 19 155 157 266 212 93 18 86 165 186 239 104 67 20 40 130 142 9 131 172 162 209 176 220 220 138 224 214 67 248 93 3 144
138 115 172 1 14 42 66 93 263 258 177 155 245 2 11 268 214 252 71 125 218 116 153 12 216 233 109 129 138 134 124 90 228 221 141 104 269 191 105 219 139 275 104 169 239 183 10 15 262 246 158 172 271 5 95 168 100 220 235 93 54 104 269 95 38 36 61 92 61 124 106 71 3 148 169 118 67 18 203 34 151 148 217 158 24 102 98 238 29 159 158 5 139 208 133 213 106 62 267 256 202 99 120 90 231 89 111 141 206 92 78 197 221 44 256 246 190 63 146 167 179 135 156 46 273 71 134 254 252 163 268 63 226 200 44 156 107 82 213 32
142 4 86 148 117 272 241 264 61 164 73 1 81 14 191 48 236 106 11 204 37 253 195 150 252 49 227 183 78 60 207 279 0 150 87 102 130 229 250 116 200 1 107 99 125 255 195 43 279 155 257 249 187 138 130 99 79 218 75 153 18 174 55 90 186 222 248 176 98 197 279 135 54 159 274 132 282 108 238 63 133 268 87 201 45 4 127 94 193 241 27 147 74 166 82 67 159 184 276 210 151 113 145 104 244 46 237 112 142 76 178 151 142 87 170 183 107 129 180 216 1 119 251 58 156 216 64 12 28 178 17 47 79 7 193 30 88 125 124 4 48 250 174 38
146 80 232 167 50 234 98 118 180 158 228 128 86 151 128 177 86 82 50 105 194 183 279 231 239 65 175 35 165 45 192 111 284 182 291 194 138 116 272 47 251 250 289 31 172 36 268 73 281 141 30 208 116 191 255 36 65 252 13 36 157 261 19 144 78 39 149 155 162 127 15 65 138 105 175 272 179 291 14 261 229 100 1 141 64 157 125 179 278 147 31 182 29 149 205 203 168 163 191 205 182 259 0 212 177 4 204 280 282 256 149 285 202 64 213 37 135 192 183 101 212 105 21 278 234 172 67 217 236 156 96 25 36 62 268 23 80 18 37 11 249 234 232 200 153 5 19 108
150 48 77 53 178 243 260 250 213 280 100 241 1 68 208 273 146 161 90 191 50 296 41 180 31 227 161 94 276 201 104 118 211 170 280 140 5 269 173 93 185 164 256 19 15 270 88 86 139 262 184 217 204 58 193 91 17 47 262 158 258 269 260 104 84 165 58 44 0 93 298 274 194 38 31 170 288 270 222 248 191 138 261 147 242 10 91 1 171 237 84 209 280 236 80 292 293 156 55 296 288 250 286 35 36 178 220 264 189 163 131 233 114 270 291 75 86 214 198 290 180 101 130 87 167 37 287 91 191 72 264 254 295 184 70 199 14 39 148 133 40 262 108 218 214 190 2 81 109 63 259 153
154 53 50 159 6 81 228 170 55 201 164 141 199 67 118 227 24 144 169 7 81 240 192 24 265 37 216 240 73 238 174 230 268 241 298 305 14 221 235 291 238 59 252 114 267 28 3 32 263 28 301 114 216 13 220 119 41 89 275 282 159 199 149 250 187 262 81 196 259 187 64 217 296 97 131 141 72 40 156 231 152 172 165 228 171 233 78 289 256 247 275 18 175 130 134 254 259 146 25 237 28 254 297 160 74 86 187 286 282 170 142 190 129 121 271 241 26 127 288 85 56 283 145 235 257 183 286 82 254 283 307 118 147 35 258 84 92 235 201 203 182 104 239 45 136 288 82 51 39 26 125 30 178 91 181 81
158 86 295 246 102 146 60 61 31 244 203 174 114 178 183 187 184 173 309 6 302 311 234 78 133 95 259 112 149 63 66 147 54 172 265 52 127 72 11 95 187 184 126 27 120 299 259 184 106 95 47 94 135 223 57 78 231 13 204 65 104 118 109 169 181 72 208 86 73 48 0 282 94 93 27 234 62 64 9 160 99 61 175 183 56 309 104 88 225 120 199 103 109 94 20 95 82 287 276 266 276 302 247 190 162 305 93 66 280 281 150 144 230 274 213 311 266 300 87 247 36 190 65 220 92 165 90 293 256 34 199 120 160 171 195 167 253 226 305 189 207 120 276 72 46 124 137 94 212 304 284 134 196 261 36 39 201 25 308 166
162 58 257 314 4 300 89 133 150 215 172 95 323 22 218 40 199 302 55 278 128 302 113 62 289 321 45 137 25 231 231 182 254 33 88 206 249 180 138 279 286 215 302 196 143 262 271 249 35 239 155 146 287 123 108 137 59 140 112 26 27 246 73 249 43 243 72 314 156 257 207 40 55 149 29 127 143 7 76 137 45 241 146 95 246 78 9 58 88 69 83 67 138 260 304 188 217 277 298 142 150 274 305 100 65 144 296 154 171 13 41 45 317 78 170 170 65 227 98 222 171 193 164 276 278 64 170 203 185 1 175 188 41 33 290 8 265 57 266 233 117 198 39 319 1 312 90 247 198 18 110 114 76 187 160 242 171 2 126 284 240 249 89 228
166 7 301 312 282 206 244 291 295 330 138 109 261 90 21 115 29 130 132 306 68 136 67 314 9 140 206 174 57 106 232 247 274 281 71 195 284 125 212 285 284 75 277 15 102 136 28 112 181 302 176 318 226 196 199 314 49 248 215 16 285 173 192 263 27 206 112 164 203 224 280 280 30 152 71 105 322 152 263 223 6 287 249 176 309 82 286 172 23 178 226 146 31 87 137 211 102 117 75 239 83 194 50 29 320 317 11 157 17 203 322 114 273 303 221 277 18 303 303 221 191 166 152 122 52 161 248 4 270 209 197 236 25 52 29 262 295 321 129 279 2 207 104 187 158 33 191 59 144 263 287 139 128 105 194 118 123 10 103 175 123 275 111 42 264 168 81 269
170 130 240 84 167 56 282 103 185 187 76 245 158 119 145 170 90 314 153 159 325 118 205 9 176 150 56 115 202 99 306 88 68 32 263 58 314 274 93 263 100 339 259 82 270 111 77 225 304 134 314 216 78 114 54 244 162 31 207 204 13 163 11 71 30 196 187 109 134 256 77 91 298 168 145 93 60 327 192 215 201 283 140 175 91 202 237 284 137 102 290 5 42 110 72 117 207 317 56 300 238 205 57 150 90 261 331 332 237 45 8 241 123 172 298 62 140 167 39 21 293 267 99 92 314 210 167 200 286 62 66 206 252 254 260 195 0 242 77 177 194 209 65 15 291 199 217 51 123 87 65 199 52 168 42 195 260 255 130 152 18 313 264 3 64 306 71 99 215 136 44 206
174 34 340 61 136 70 25 143 124 232 319 131 129 6 173 175 234 228 37 189 20 67 321 323 221 92 204 327 268 86 77 147 299 153 16 61 347 119 13 163 56 239 232 114 0 40 272 69 104 177 74 145 209 37 76 238 267 153 193 296 261 221 142 153 237 200 259 205 223 128 12 106 192 6 281 27 247 307 140 248 71 43 339 18 146 295 145 188 318 29 74 233 8 193 148 27 217 0 196 29 191 14 101 255 331 12 240 255 85 5 86 159 222 333 110 312 286 236 300 126 75 192 14 277 163 215 153 291 334 336 331 51 309 240 145 3 235 65 109 114 237 333 236 136 94 12 80 143 183 85 312 66 160 35 287 96 119 306 145 317 156 106 203 98 194 64 34 111 196 184 344 290 67 87 253 216
178 17 143 19 347 70 99 3 101 74 301 116 160 238 165 291 262 338 61 32 206 14 277 250 167 43 185 274 117 42 66 253 306 19 178 2 37 260 278 249 293 319 323 108 204 123 136 229 9 303 337 177 307 66 78 77 172 268 60 179 98 277 64 67 344 244 45 71 121 147 96 6 111 133 38 249 238 119 240 325 148 113 316 343 108 206 62 54 196 205 61 253 157 88 186 113 302 58 67 236 237 252 175 281 163 15 17 33 203 68 88 306 238 211 118 7 152 289 72 77 336 254 34 94 204 336 152 86 114 96 334 80 6 154 53 292 315 283 224 82 162 44 180 149 69 246 341 299 152 68 209 337 241 182 21 281 213 92 293 290 173 212 203 72 79 31 229 251 286 108 326 148 62 250 98 311 64 206 239 85
182 177 143 285 308 95 134 45 28 139 279 279 294 245 107 118 181 127 172 346 275 233 299 333 112 245 231 329 103 17 363 49 286 357 52 69 300 28 19 31 11 89 49 67 287 174 212 339 45 46 319 191 40 254 253 183 217 242 206 215 266 143 12 129 74 195 276 234 44 263 202 317 79 107 86 54 10 214 194 190 236 334 67 76 247 40 256 133 292 238 215 274 146 346 348 208 49 77 336 13 225 68 313 107 361 205 293 258 194 109 325 236 249 58 146 40 103 94 357 16 266 51 333 259 362 161 116 44 11 28 20 41 278 247 7 322 329 129 158 126 299 116 146 6 3 5 44 234 125 300 137 281 285 0 51 94 338 305 72 42 93 283 282 239 176 149 97 121 285 330 260 144 57 197 260 334 59 281 304 116 268 353 49 281
186 118 27 296 204 285 149 312 268 264 148 25 369 211 332 13 249 35 140 238 285 239 222 222 138 313 218 129 21 165 343 106 326 348 132 204 232 349 63 10 263 189 320 313 152 212 216 197 222 11 206 157 347 250 229 332 330 158 89 191 258 267 247 19 346 176 291 98 263 51 205 105 322 178 0 249 60 222 169 69 314 241 67 334 80 59 5 260 35 361 257 112 222 83 299 234 355 186 202 334 108 131 308 76 220 255 182 27 338 139 178 84 184 92 174 362 248 265 189 45 185 347 349 16 121 40 150 257 4 5 167 8 244 211 54 137 59 226 322 20 366 4 155 176 137 243 88 1 205 119 122 362 253 287 177 72 260 130 307 131 83 137 236 132 49 220 213 94 252 103 371 363 232 157 96 204 107 193 287 54 51 232 362 361 43 367 79 282
190 65 36 345 158 16 316 248 341 113 155 111 325 107 127 62 78 374 49 228 67 63 219 308 252 205 235 110 371 232 24 2 358 179 139 219 87 17 212 172 358 299 211 10 238 15 87 257 282 242 139 317 120 369 110 93 79 328 197 33 241 164 287 103 131 231 350 55 85 173 93 289 6 261 101 246 358 58 13 58 262 4 237 202 364 281 11 221 71 135 168 150 121 259 92 59 8 158 223 128 354 259 201 226 307 346 55 209 253 193 67 11 58 227 94 326 183 367 83 132 329 80 61 6 307 320 98 143 300 327 166 164 230 62 339 225 320 134 205 84 76 122 365 242 221 228 26 231 46 370 61 282 118 269 293 203 339 107 274 306 182 90 158 304 1 326 167 289 346 125 179 238 344 164 358 132 98 239 109 237 305 202 284 205 201 3 200 366 216 158 300 118
194 153 380 164 57 34 356 100 165 99 287 334 43 107 169 75 279 146 15 154 26 47 313 379 63 81 53 14 264 3 175 59 246 83 309 54 31 219 23 146 26 105 99 223 320 167 284 284 127 289 331 301 220 119 231 171 312 200 0 316 62 239 292 217 240 15 366 226 303 229 251 8 41 380 263 170 274 2 253 171 178 207 181 384 100 64 191 281 310 194 291 55 244 181 17 288 221 274 109 257 366 96 131 124 280 39 57 38 27 260 271 97 171 235 123 365 189 20 216 233 304 135 291 331 260 386 17 314 349 312 205 325 227 337 18 341 104 222 78 115 222 155 321 364 358 231 62 152 294 54 56 382 59 28 199 236 220 10 234 259 76 348 237 1 82 100 199 359 158 359 225 88 211 243 236 204 209 267 183 258 191 218 226 55 299 271 330 324 41 19 57 291 367 384 200 147
198 191 46 274 317 326 135 393 33 19 61 201 198 223 56 311 376 293 295 274 292 4 303 9 14 126 77 217 147 297 377 148 230 288 164 28 257 259 164 241 111 262 289 44 111 285 248 202 336 242 237 6 363 322 135 305 14 197 46 178 254 25 224 52 9 106 106 314 14 175 154 24 166 81 361 154 101 274 119 214 298 259 176 224 237 278 344 88 268 361 243 260 169 395 221 376 388 172 325 2 333 367 285 114 59 118 311 55 220 232 388 187 238 48 333 253 248 78 290 73 162 121 21 321 79 323 78 306 115 114 56 189 185 319 61 61 164 241 373 365 343 194 226 388 73 266 383 289 197 311 171 13 133 16 45 251 284 387 33 31 162 311 141 390 189 84 170 37 85 187 341 287 93 101 388 328 151 391 368 188 112 288 316 96 323 156 139 65 157 212 75 279 223 191 330 277 69 334 201 356
202 96 373 170 24 218 8 344 187 27 174 62 93 366 287 301 389 294 187 397 143 403 251 373 216 60 360 84 331 76 30 147 244 336 0 349 201 125 288 65 206 295 218 349 69 31 226 13 139 281 211 16 10 313 221 22 403 209 363 21 370 242 60 124 400 346 148 221 107 271 354 108 56 91 207 335 390 71 63 21 388 256 222 178 37 81 343 295 81 257 232 130 227 183 62 66 203 286 385 313 61 15 234 103 175 66 51 298 244 11 302 163 354 46 38 198 57 70 123 208 252 294 239 320 370 314 354 362 286 334 333 137 232 6 340 386 39 97 318 133 214 373 151 395 275 65 26 327 215 205 168 194 180 50 178 12 234 343 326 309 381 126 313 132 159 237 13 331 110 325 243 81 165 266 3 239 213 284 397 215 179 2 189 151 62 245 163 310 240 215 127 319 35 127 171 374 292 288 391 374 318 131 188 398
206 164 101 389 23 172 192 201 250 76 96 79 391 317 194 230 355 377 11 407 361 385 264 2 296 15 402 138 38 112 5 84 248 10 364 133 163 160 213 126 71 154 318 24 346 307 301 274 132 104 320 110 344 126 303 47 93 261 97 322 357 238 318 306 230 250 159 118 201 252 71 312 39 309 341 349 326 325 306 116 256 23 127 357 298 61 294 46 147 34 409 116 371 42 197 43 18 331 203 392 248 363 193 210 289 46 139 396 378 369 249 17 230 132 316 401 264 367 406 228 116 44 326 218 356 126 255 85 179 73 224 349 39 206 357 99 200 118 18 378 61 334 344 160 98 138 224 162 141 271 168 99 129 177 135 66 384 282 132 111 10 151 219 339 148 156 244 50 337 159 308 88 33 148 119 254 369 3 129 131 118 309 309 270 319 298 398 156 244 60 391 8 215 313 72 41 132 250 411 193 152 85 375 389 194 386 99 113
210 165 72 70 355 313 330 168 11 338 347 68 66 136 224 23 184 183 20 179 19 96 416 393 205 14 388 371 411 339 205 190 147 353 40 82 157 28 134 32 79 391 277 172 352 3 220 101 268 334 316 209 367 75 264 285 334 25 14 164 399 172 260 96 3 299 381 182 130 115 361 310 284 68 356 316 34 198 160 225 332 280 132 145 266 366 289 27 5 402 119 100 195 29 332 52 145 412 319 5 389 139 156 107 204 19 141 224 173 343 123 55 105 209 118 197 319 175 232 40 291 202 414 320 419 290 10 123 130 207 357 217 285 190 74 271 263 244 319 190 342 284 273 47 51 261 263 60 400 228 3 249 399 417 378 33 18 77 29 419 358 248 398 311 114 102 396 289 290 376 52 50 180 341 196 212 6 308 143 242 337 132 134 395 175 225 313 302 410 57 228 194 31 340 301 45 287 158 393 151 173 357 49 119 0 342 119 283 215 360 137 109
214 126 427 122 73 163 132 166 142 158 156 254 260 237 152 38 224 411 320 207 366 169 101 418 257 75 4 425 145 87 28 288 7 89 148 230 347 34 154 155 84 341 120 208 38 184 106 27 188 135 361 190 117 165 108 37 389 174 29 336 337 202 378 54 188 98 194 265 200 254 159 388 213 301 257 251 140 291 22 177 81 233 2 332 324 425 374 109 256 242 176 57 411 159 341 29 93 273 40 93 140 105 327 230 26 40 385 93 137 174 247 128 321 44 425 389 108 333 330 373 305 287 306 283 208 367 65 67 15 96 320 364 132 262 193 311 116 48 214 310 263 191 168 42 151 83 180 140 21 227 54 290 311 208 367 237 112 281 301 225 353 29 167 401 159 222 221 209 127 424 294 32 329 364 413 305 244 81 348 386 207 108 315 153 93 9 262 311 422 277 248 44 174 132 46 302 199 85 226 14 64 348 56 329 358 40 424 35 363 254 125 242 295 198 62 332
218 186 29 155 380 194 277 50 148 251 330 268 258 313 222 401 199 291 106 195 383 340 418 249 177 35 71 357 62 351 337 301 292 193 131 391 194 244 317 20 348 274 45 351 192 153 340 340 75 343 7 109 162 128 190 65 434 33 334 210 47 237 272 250 309 235 114 423 162 198 98 60 139 349 338 5 285 196 367 175 103 355 370 30 192 243 166 287 396 425 62 256 100 50 268 75 154 397 89 69 157 227 337 197 88 66 342 200 37 52 175 4 359 323 388 317 182 84 405 363 407 85 335 286 85 421 106 267 50 107 346 3 244 423 403 125 166 91 222 137 21 147 135 312 398 360 58 410 115 35 320 140 75 243 113 53 0 346 424 405 24 135 171 9 358 187 299 229 427 311 233 15 242 329 276 303 71 128 375 356 43 160 356 376 85 72 92 285 50 106 377 92 116 91 82 403 235 376 294 338 19 46 192 315 372 156 357 139 39 222 52 53 279 393 234 98 348 204 66 30
222 186 158 28 323 326 322 315 270 38 176 123 349 361 115 329 433 411 388 212 402 80 226 135 211 245 350 320 194 273 184 395 275 227 59 127 329 388 8 409 217 193 76 227 20 68 260 273 173 126 61 14 248 0 188 144 123 40 407 294 91 229 95 29 2 23 394 344 220 57 270 238 117 388 325 373 128 319 252 53 269 32 407 114 210 244 37 358 433 237 170 396 272 202 37 99 161 157 170 375 278 291 58 107 301 26 7 294 421 38 316 147 245 112 41 171 439 63 442 176 278 44 141 406 420 117 437 218 242 259 131 4 333 360 128 121 85 396 46 248 85 373 405 210 308 2 307 334 422 206 361 85 243 375 316 372 64 92 379 39 118 433 410 118 287 386 217 273 370 271 22 426 98 55 158 262 65 410 206 104 180 246 388 313 39 126 156 26 414 413 306 435 325 302 400 233 280 129 385 223 246 18 365 166 34 171 228 90 171 132 66 50 69 157 110 395 74 239 289 343 132 341 356 257
226 100 150 77 390 220 422 373 167 272 446 70 344 0 43 251 176 447 60 129 108 408 95 441 110 438 430 384 345 112 18 348 110 424 392 202 229 361 396 364 27 269 50 202 102 320 133 450 236 112 54 338 255 27 419 79 134 407 56 146 201 169 186 170 123 55 129 34 56 223 356 73 404 382 135 262 64 347 14 440 326 134 101 351 88 27 386 265 348 237 298 97 305 324 62 236 337 21 178 118 296 117 161 401 277 439 398 379 318 252 105 288 2 410 23 307 26 193 9 358 420 328 191 56 185 29 77 193 183 435 86 76 38 173 269 326 335 347 376 87 317 135 343 120 86 277 330 33 218 132 436 35 51 210 180 402 363 292 284 176 39 428 87 173 451 72 207 157 198 32 435 310 355 277 438 32 190 28 61 47 22 370 367 443 186 102 47 380 86 276 67 193 296 8 216 313 136 249 270 159 323 246 225 168 309 371 211 431 2 246 411 386 267 334 147 42 413 274 258 180 216 68 375 104 382 175 177 91
230 122 296 402 446 152 164 228 163 237 251 259 223 260 131 233 448 396 49 261 273 315 149 200 35 14 288 17 269 103 104 410 199 120 17 38 415 9 11 308 207 315 188 16 133 435 321 181 119 456 67 434 246 331 422 68 192 355 41 379 8 122 385 371 169 197 278 403 53 126 443 138 272 379 356 433 178 329 295 144 321 307 126 147 428 455 157 28 109 411 135 241 187 350 258 193 367 72 64 199 296 123 111 123 382 185 32 28 146 133 232 40 327 214 449 152 369 216 1 5 8 267 411 228 171 94 66 70 264 32 328 178 354 150 210 389 310 403 211 33 193 244 75 345 92 255 170 444 141 416 342 291 260 48 165 157 182 187 411 393 57 383 239 199 214 422 417 7 419 380 327 250 231 297 379 294 312 432 127 421 100 45 202 285 443 232 208 219 207 6 365 88 190 328 360 297 158 334 83 142 156 288 16 16 148 6 382 425 433 367 314 336 139 222 69 411 4 281 61 266 28 419 38 174 288 287 362 454 103 140 24 377
234 211 360 394 12 438 109 283 27 51 264 255 268 27 420 145 301 193 254 125 467 117 410 99 36 122 173 141 176 333 418 169 445 406 317 349 226 291 109 1 409 149 438 425 366 225 95 116 134 45 9 259 365 177 153 355 193 94 463 334 197 62 157 292 385 146 161 171 314 367 330 90 49 0 81 133 229 185 284 248 330 441 339 331 229 404 385 309 215 189 282 418 435 257 210 64 210 383 207 252 67 58 96 124 14 462 127 383 354 279 200 78 200 451 121 420 437 240 409 202 424 325 357 162 449 140 178 12 361 181 304 440 273 60 33 122 364 18 234 217 141 314 103 420 79 162 435 303 305 435 332 367 242 97 420 74 25 290 246 300 52 324 236 428 117 72 9 340 462 414 238 347 124 232 288 98 424 241 373 62 339 164 303 242 4 260 341 21 71 402 212 148 356 171 64 287 142 382 161 117 49 286 390 410 293 3 414 343 314 221 169 165 5 453 278 383 396 432 163 193 413 77 306 388 231 84 70 14 217 387 39 412 371 308 156 224
238 163 295 215 442 0 471 212 252 110 340 73 141 54 165 341 237 130 84 50 346 26 215 281 452 277 22 347 191 2 309 235 36 167 110 475 428 256 130 455 169 27 377 242 193 26 385 266 244 396 209 1 174 121 22 355 198 216 219 462 400 314 129 171 291 377 197 225 199 179 351 263 204 443 36 262 203 119 256 77 4 247 170 183 276 134 247 6 27 135 102 87 256 104 361 12 308 231 102 184 155 311 287 231 317 385 161 384 185 232 15 148 387 137 190 395 90 416 30 438 38 428 425 433 46 240 105 326 161 403 394 402 211 80 285 75 228 267 183 64 382 395 424 442 454 54 411 237 114 305 206 180 288 30 139 107 117 362 133 78 84 232 414 319 153 207 409 77 164 131 278 12 473 344 51 303 309 205 121 428 180 340 215 451 173 219 439 445 367 222 225 270 211 52 296 277 322 28 179 337 465 323 129 311 359 320 90 22 452 458 60 60 229 39 77 127 102 129 218 325 420 333 81 153 308 130 1 123 173 310 446 107 434 233 107 280 211 398 28 413
242 49 129 372 434 232 273 174 398 241 195 34 341 246 418 408 463 197 186 186 361 131 133 12 355 436 25 25 275 445 347 289 248 66 370 198 191 275 473 25 70 188 122 439 306 324 245 445 158 276 216 479 332 197 52 233 186 186 291 123 365 333 25 428 362 140 146 175 459 466 416 67 29 338 450 126 342 220 450 464 122 243 326 210 239 45 219 434 369 357 436 197 204 192 444 123 321 471 481 236 194 166 279 391 267 332 167 12 232 151 289 422 328 184 4 94 440 255 61 455 462 387 106 253 57 126 186 12 474 86 366 423 400 407 431 380 332 38 26 407 40 196 115 52 80 29 68 240 364 154 26 482 195 413 284 307 315 44 362 343 199 453 396 125 370 248 57 287 60 420 229 170 264 45 441 15 358 321 424 453 259 179 5 438 182 438 379 320 298 96 367 114 349 435 98 176 156 362 259 102 295 196 29 11 459 41 49 300 332 480 115 400 1 329 71 4 284 284 111 481 89 390 98 307 121 141 314 30 68 178 156 166 107 138 360 40 421 62 29 352 266 382 343 421
246 208 89 480 205 260 288 371 159 408 206 163 129 464 421 179 167 101 74 329 356 195 277 148 284 419 2 225 372 336 62 423 33 406 404 103 299 82 22 230 411 284 231 425 433 86 351 84 125 381 63 354 283 361 83 205 185 436 406 320 79 278 95 205 32 488 165 133 87 164 241 467 301 104 125 465 280 83 135 20 361 392 62 230 217 401 460 165 50 103 445 411 172 270 294 219 190 270 484 215 47 469 98 184 12 344 475 186 426 89 397 339 13 358 288 413 261 304 331 40 118 115 110 458 191 30 42 77 319 57 426 38 482 485 184 418 400 287 178 451 420 368 84 372 474 252 280 406 198 183 340 318 30 1 78 250 44 52 363 366 91 60 457 98 137 335 339 304 484 74 159 47 274 294 325 345 344 419 133 204 376 329 82 469 333 17 394 489 382 360 460 429 26 337 111 43 411 282 94 162 117 253 170 395 315 367 85 377 175 218 20 171 237 296 462 87 469 87 9 69 292 369 98 191 453 157 48 400 313 58 449 19 394 74 135 389 431 233 54 487 147 236 39 242 425 147 311 286
250 206 358 404 429 397 330 343 395 199 381 387 424 108 341 424 4 390 56 371 493 203 341 320 449 341 130 478 102 480 280 324 431 388 264 88 210 325 474 96 86 20 410 82 69 155 228 72 464 315 416 226 46 496 269 447 178 309 175 352 288 83 194 154 399 456 185 464 179 222 381 251 355 17 465 437 313 29 408 190 476 94 15 191 216 133 444 186 153 34 0 176 356 453 401 160 79 37 179 237 282 230 372 244 54 172 374 121 252 183 411 265 111 187 231 463 421 177 104 145 278 68 492 76 4 492 132 458 17 321 69 285 368 343 98 21 177 407 291 440 398 328 385 324 92 226 144 484 312 129 60 426 356 209 499 2 444 302 295 444 121 436 48 263 151 417 279 16 276 426 376 160 488 300 211 196 96 14 339 449 189 168 37 139 220 259 261 484 300 292 303 334 109 290 385 185 492 485 436 114 73 236 403 252 352 432 80 408 328 337 7 253 112 169 427 109 86 322 387 457 185 447 142 92 332 264 247 380 274 91 240 338 14 457 344 323 120 175 497 66 80 123 235 314 255 441 413 422 34 452 200 253
254 153 140 61 285 387 341 494 162 161 175 203 29 223 243 311 458 419 258 26 247 424 504 273 151 462 121 405 301 409 193 414 423 93 503 331 32 257 505 101 262 12 129 78 448 438 180 450 281 326 217 458 60 261 402 342 431 399 150 96 182 150 133 173 320 329 500 327 332 76 245 279 4 473 370 313 493 347 405 270 231 27 17 302 230 161 488 178 174 383 102 381 357 250 463 53 143 459 334 105 495 458 103 377 274 241 413 259 350 381 246 147 271 64 268 66 471 379 18 293 156 332 207 414 318 184 476 123 199 215 420 11 40 163 134 499 406 64 329 41 175 20 281 29 378 12 307 333 346 189 463 467 469 116 356 84 136 405 418 262 381 134 479 429 5 420 270 290 255 327 382 414 403 466 109 256 301 211 498 3 41 15 506 95 398 498 405 469 191 189 337 28 11 270 67 169 400 317 317 79 181 29 176 104 151 275 170 92 160 356 288 454 297 214 369 69 90 471 359 149 427 131 150 123 174 475 499 406 431 383 121 317 284 21 123 236 503 59 455 32 140 493 148 292 55 216 450 89 106 178 401 465 27 149 264 323
258 209 208 360 238 363 355 464 504 509 82 414 35 450 90 245 161 195 8 12 210 256 72 38 212 184 290 401 367 83 378 388 294 383 142 430 81 481 167 60 314 141 9 133 415 206 407 454 353 288 449 359 63 479 34 455 439 234 113 183 318 87 96 515 370 105 432 166 57 50 417 92 19 239 183 163 274 427 500 442 266 492 481 472 48 68 49 13 263 175 477 249 458 364 384 298 274 380 415 45 15 336 480 37 426 258 313 76 244 101 390 32 354 183 92 455 461 459 358 253 410 415 230 81 250 437 291 341 471 34 190 490 393 351 104 249 367 150 418 59 5 414 22 241 63 247 83 110 76 471 78 446 61 9 82 462 60 322 25 383 452 195 394 278 494 154 185 254 292 365 285 135 450 425 16 175 351 503 378 14 101 34 236 359 241 490 181 122 48 240 206 151 294 2 299 184 224 514 80 78 459 275 152 242 173 19 350 243 185 156 498 256 513 457 247 376 288 334 81 275 83 380 266 204 401 237 114 143 350 124 302 45 311 179 99 301 184 287 512 120 327 492 483 221 46 278 21 335 195 218 250 364 357 476 495 504 137 347 136 431
262 151 185 37 164 434 456 374 212 496 122 106 359 197 7 471 374 239 249 172 263 135 117 91 170 25 412 10 207 315 105 347 351 230 37 157 181 2 193 106 161 416 386 313 74 253 250 187 446 265 223 277 207 124 375 132 76 197 113 220 461 446 333 394 511 241 509 233 271 364 224 252 288 76 234 307 397 168 102 72 249 126 168 17 306 38 330 214 62 483 378 306 160 395 291 135 495 160 183 268 446 193 443 149 156 384 72 312 333 420 439 326 328 159 158 175 84 170 116 69 227 165 241 216 469 405 216 58 482 265 92 431 194 453 491 301 395 93 80 425 428 404 351 100 378 504 122 232 156 151 350 165 232 488 250 270 125 73 185 450 16 52 177 225 290 124 472 230 221 199 136 48 502 458 323 124 127 127 204 448 454 310 354 288 476 33 521 87 150 148 369 120 88 72 165 103 380 46 346 24 392 233 359 86 60 474 104 191 380 10 1 87 104 207 305 330 275 459 417 388 28 454 206 183 122 245 281 191 327 298 416 470 333 217 77 445 291 349 105 425 164 508 125 62 515 316 187 107 458 221 472 237 220 333 211 227 468 137 166 137 61 476 97 391
266 264 340 215 252 337 210 529 131 280 376 321 178 194 497 92 352 417 253 378 8 109 77 368 41 201 29 325 427 52 20 99 500 126 125 204 378 2 369 259 116 467 474 315 463 365 494 290 236 164 196 327 97 76 470 90 219 446 404 242 523 68 402 524 270 112 155 513 225 241 70 227 255 178 448 245 2 24 307 43 462 80 460 366 96 101 411 73 364 387 371 237 440 74 501 365 343 173 248 102 326 172 81 137 509 49 283 440 186 200 51 340 508 10 77 22 312 164 177 320 470 497 403 8 291 1 510 155 460 528 425 95 408 459 519 144 270 86 22 402 125 205 127 6 253 218 416 5 114 141 495 380 489 499 452 375 434 123 24 251 36 299 264 195 432 317 416 394 326 66 302 240 414 90 25 364 309 185 74 396 375 485 468 264 418 298 76 359 155 459 408 345 93 254 82 425 100 417 22 425 420 442 155 275 350 8 195 466 467 397 472 74 369 393 336 318 416 245 288 181 123 416 54 40 348 266 86 5 6 377 299 389 46 351 371 198 219 404 110 309 312 127 472 215 434 257 384 241 227 82 295 17 12 507 116 163 238 432 314 358 154 344 218 69 299 391 252 32
270 66 356 1 222 399 291 177 60 202 42 458 493 74 68 99 42 120 450 533 97 493 308 333 420 249 373 160 385 5 398 148 32 379 463 402 437 105 81 220 105 279 449 341 63 354 218 293 276 352 481 223 1 176 346 177 534 62 418 196 412 85 207 60 166 28 399 156 227 351 72 360 172 353 413 484 258 307 21 127 203 500 523 450 171 272 158 401 446 110 122 414 434 127 18 535 281 150 299 513 50 75 136 268 31 485 148 149 117 154 305 359 351 222 55 371 108 517 286 508 318 257 302 507 403 38 23 417 133 331 485 255 121 88 12 510 269 119 30 328 478 458 521 411 403 367 356 134 242 333 210 363 133 526 296 152 537 376 9 15 363 46 529 347 475 235 173 498 335 28 347 370 389 295 330 165 28 249 195 57 41 105 243 81 140 54 245 88 346 353 339 465 364 10 416 4 100 476 511 364 534 4 398 107 203 226 183 285 411 251 20 341 506 252 304 252 45 457 429 210 35 223 380 509 100 248 366 325 426 409 47 163 352 355 231 484 472 290 266 393 162 470 388 149 517 71 154 278 425 506 207 42 250 459 240 1 469 493 255 234 399 243 311 38 396 257 195 105 355 489 248 511
274 147 250 148 138 534 86 53 477 358 484 94 98 154 422 130 257 461 326 62 132 196 237 316 480 298 133 469 197 124 118 327 108 220 331 533 67 158 52 7 107 236 129 112 135 83 123 505 418 277 353 377 106 439 194 505 114 280 492 180 5 413 531 351 62 241 164 234 542 75 354 304 484 254 526 489 61 425 136 517 312 6 288 374 491 129 358 245 215 378 138 366 267 328 468 160 504 290 545 194 411 544 124 218 170 526 442 335 484 475 252 302 463 145 109 346 442 380 478 442 145 347 421 522 364 296 353 26 119 236 158 432 327 124 529 211 324 236 338 106 375 311 71 124 373 425 356 527 84 280 240 348 115 275 22 207 55 437 402 203 186 232 445 125 253 521 211 12 140 45 279 523 529 241 287 275 206 267 437 285 459 498 307 195 266 318 91 70 525 542 42 535 325 181 190 472 469 34 497 187 461 512 529 362 312 313 194 462 490 286 103 365 32 59 50 477 259 456 198 516 199 511 187 82 308 345 376 322 48 409 138 274 399 446 194 339 369 358 291 199 159 340 527 289 189 285 188 330 306 524 280 111 60 104 103 31 92 393 372 350 16 541 69 10 323 127 343 432 256 427 516 467 430 485 289 376
278 179 202 212 91 65 403 435 290 180 159 239 179 138 401 313 68 36 45 333 299 362 501 212 494 179 252 435 420 85 259 67 381 183 459 304 351 319 475 9 178 375 225 26 341 150 166 325 362 141 371 229 550 67 463 332 301 338 184 178 209 41 404 173 110 34 21 378 504 464 45 383 433 221 297 43 223 505 138 75 342 398 45 538 313 496 17 117 473 254 496 23 228 101 439 97 353 364 100 277 134 522 226 401 135 233 526 237 460 296 187 183 50 388 67 67 337 324 512 288 57 542 117 315 8 250 542 43 67 216 77 60 129 518 97 60 98 191 246 369 3 430 117 195 92 470 422 544 457 512 411 50 201 34 38 20 549 103 295 436 95 136 540 493 388 297 354 553 520 541 19 359 216 209 159 459 159 385 355 69 243 15 454 269 133 145 529 55 460 326 239 374 127 511 414 326 387 353 464 154 114 212 235 153 91 484 358 350 463 144 123 94 408 552 41 329 96 146 182 409 307 212 66 317 428 307 230 106 84 468 249 383 452 357 359 267 241 134 182 50 278 518 501 225 71 453 122 287 416 276 140 104 278 316 464 361 81 457 195 448 205 0 535 218 299 35 259 205 138 552 442 441 503 89 158 469 542 219 454 169
282 273 349 114 22 194 70 242 407 282 330 444 370 462 210 223 362 398 553 261 261 411 330 38 496 387 142 375 45 244 189 246 63 342 356 277 297 469 229 294 161 193 544 121 178 109 394 332 127 82 300 211 371 236 396 544 491 340 487 197 519 215 172 275 238 322 539 450 140 150 321 283 518 327 40 19 50 189 469 476 153 361 444 230 145 84 425 103 12 419 530 15 152 343 9 209 272 45 330 324 207 284 438 361 491 208 238 274 108 80 467 87 136 482 473 81 84 371 173 527 86 3 173 207 484 425 531 382 288 388 197 469 410 390 438 244 386 88 154 11 498 442 396 518 512 462 119 447 303 380 209 270 424 133 465 390 62 441 190 493 448 83 162 515 388 181 23 271 149 307 241 143 335 491 471 540 38 139 100 201 358 261 265 161 98 387 494 557 246 234 9 402 159 514 152 67 557 249 246 534 358 353 475 148 186 445 71 211 558 408 337 295 71 525 157 243 285 114 191 226 345 79 469 150 92 455 476 69 486 41 7 351 256 82 384 391 24 539 433 161 64 419 542 207 508 424 358 84 116 95 561 101 171 39 423 474 499 178 307 225 494 177 190 339 542 194 180 28 279 96 513 92 389 490 26 284 537 429 361 6 224 423 416 482
286 89 310 118 194 381 81 519 345 201 297 368 288 493 565 426 35 548 182 113 510 117 533 394 309 331 423 113 63 221 152 272 531 537 267 255 251 384 282 170 300 210 3 220 8 548 213 402 236 347 121 151 289 17 261 297 280 469 246 251 495 8 296 461 197 314 232 550 458 350 223 148 160 240 466 329 506 234 275 103 468 422 441 563 362 278 76 544 107 19 300 501 172 231 262 552 480 63 77 0 257 232 105 111 316 545 25 63 545 258 257 459 189 166 107 426 105 18 523 26 498 388 138 172 142 525 353 185 276 261 28 460 309 533 439 52 71 307 303 565 94 491 93 78 463 552 252 123 346 40 38 447 237 371 527 219 311 331 192 260 302 9 173 415 422 46 130 292 311 226 359 553 134 560 520 179 568 484 392 338 562 114 183 309 3 179 522 58 225 35 218 144 158 173 184 459 462 281 169 3 394 420 295 502 49 552 378 245 188 488 566 368 37 35 318 146 326 412 157 287 554 208 272 93 141 39 132 314 206 467 541 397 460 231 487 306 193 97 391 250 447 336 47 90 501 193 92 20 1 47 532 426 66 310 533 181 245 285 407 414 35 57 289 379 416 154 76 252 227 485 437 36 273 441 423 76 73 475 387 487 34 211 130 217 381 79 462 118
290 182 369 53 277 482 434 1 409 378 417 422 40 291 234 24 262 504 262 79 70 328 30 549 552 191 403 510 326 2 107 394 250 432 215 391 16 66 11 256 447 34 164 395 233 271 67 137 447 567 41 359 571 108 363 400 572 132 89 179 520 354 245 378 369 396 251 38 329 431 22 121 412 356 291 53 351 280 222 442 34 480 439 339 423 411 59 131 481 134 369 163 131 552 433 567 451 463 60 232 237 324 405 61 337 317 418 138 394 279 512 142 221 564 343 419 149 573 245 29 435 203 177 511 312 91 426 184 18 109 283 460 312 551 554 406 359 548 421 491 56 158 60 268 522 144 413 257 245 128 176 33 101 159 63 46 281 90 167 86 440 303 448 216 72 477 41 275 455 236 231 258 28 168 504 133 339 78 75 479 118 503 40 99 88 317 190 547 483 551 21 438 78 241 258 22 46 282 23 429 386 535 563 555 279 492 412 412 40 146 75 579 482 16 527 558 130 193 226 411 516 170 98 145 342 142 535 137 302 177 563 301 328 223 561 519 180 203 349 426 384 82 150 149 560 227 280 512 311 41 140 264 347 70 444 513 123 353 539 236 493 475 0 309 352 205 429 337 122 458 480 170 406 278 335 53 379 512 99 148 167 91 415 70 79 67 136 317 75 185 220 153
294 77 13 326 393 137 349 96 400 40 314 584 469 255 575 518 340 456 241 145 331 533 255 179 32 46 403 387 96 5 536 187 176 532 192 120 434 297 165 335 456 243 387 326 317 262 266 207 123 173 19 540 568 127 277 259 146 401 116 267 233 192 292 315 210 59 559 331 436 235 200 364 81 521 209 23 422 92 472 30 211 397 198 17 210 436 436 335 290 252 198 476 357 243 536 410 224 583 583 432 17 98 419 406 180 201 397 84 60 146 40 214 365 26 232 453 226 457 162 228 334 223 30 352 220 294 412 483 45 407 182 467 584 164 198 79 411 580 484 573 391 242 493 27 323 80 411 212 83 470 248 474 324 266 47 452 153 389 49 540 463 78 33 187 340 65 142 523 253 355 198 124 325 292 316 441 10 186 564 520 46 136 487 190 546 530 422 122 227 254 179 452 525 332 381 440 342 271 504 0 182 97 391 82 551 80 368 457 3 315 427 572 274 544 48 303 431 52 524 426 352 349 154 503 296 427 267 158 243 442 201 140 299 371 142 357 410 24 170 149 578 105 284 167 45 159 419 435 53 292 579 484 424 223 232 509 167 241 477 461 12 339 515 412 549 213 249 473 485 170 442 549 262 153 369 159 10 43 505 246 183 448 416 284 337 524 339 530 335 239 87 274 333 519 159 527
298 39 202 81 345 393 62 300 312 315 244 203 91 183 534 538 422 179 412 458 315 472 584 62 415 35 80 182 379 36 245 541 447 94 285 444 379 90 89 426 475 330 421 587 223 403 482 403 221 218 88 424 136 74 211 440 122 432 386 41 155 177 469 513 104 303 0 223 27 124 373 334 504 556 78 103 358 436 282 555 545 575 296 85 371 438 362 536 230 67 6 315 129 246 269 60 135 371 180 84 361 265 142 435 53 79 286 252 200 141 585 331 181 534 387 224 257 51 120 176 305 380 367 62 196 230 522 109 253 12 327 15 313 385 550 529 48 505 244 499 27 489 588 30 145 456 549 48 362 407 406 386 335 167 234 387 473 44 461 78 197 52 175 321 523 470 165 193 561 34 339 155 5 30 337 266 210 27 321 356 39 433 398 507 192 238 397 490 483 268 78 341 128 514 581 581 363 536 58 76 300 172 151 456 510 420 571 438 505 418 2 162 142 583 380 411 141 443 431 426 537 380 63 407 487 28 148 273 364 89 312 381 452 169 529 377 576 513 292 332 175 516 15 132 97 356 383 551 22 152 429 520 286 323 104 45 451 451 579 305 104 297 69 539 83 9 528 104 69 336 441 24 174 324 582 326 583 199 104 96 462 100 135 9 373 267 246 526 538 556 495 418 33 126 64 155 226 270 91 183
302 44 486 147 397 486 447 154 82 175 294 280 485 264 452 45 25 468 485 574 536 97 63 273 14 368 124 421 185 210 200 111 309 278 564 359 371 127 302 104 389 421 301 195 39 381 228 6 145 284 386 545 16 317 516 476 248 43 98 563 54 278 520 142 282 444 148 183 164 118 464 286 502 474 263 12 137 208 555 197 231 195 193 481 309 356 552 31 275 458 556 47 354 338 47 168 342 523 247 133 230 427 154 292 587 15 328 310 28 444 284 508 221 322 157 152 97 20 233 111 413 347 332 414 445 199 240 434 133 280 319 5 378 151 302 568 83 581 401 250 130 233 575 318 142 496 507 158 164 60 457 227 305 582 272 441 85 23 76 542 539 56 523 417 202 230 417 596 574 307 294 410 557 274 193 366 388 306 23 268 316 283 472 180 333 314 122 400 537 241 66 288 516 21 138 134 387 28 274 103 66 297 34 32 404 552 118 393 440 116 283 354 499 187 242 366 180 189 457 528 327 212 301 464 262 367 98 199 158 544 90 463 564 537 286 542 48 205 148 441 324 503 135 596 362 96 384 517 383 157 41 13 312 394 569 562 49 46 503 571 359 259 401 243 591 35 585 545 339 141 584 166 221 370 444 560 59 154 152 456 137 212 227 514 158 387 126 41 375 410 394 264 529 228 182 405 357 213 295 64 284 322 108 552
306 189 219 514 52 209 482 513 249 169 335 520 36 97 52 375 330 345 375 0 120 20 226 98 96 8 395 141 374 542 333 461 170 139 335 158 561 122 295 98 79 336 132 557 224 588 313 101 453 283 138 336 486 19 425 436 160 85 607 479 141 574 466 568 157 551 99 350 289 526 14 602 94 368 162 145 117 477 348 447 12 574 48 28 387 210 75 139 226 90 516 153 335 262 378 29 68 377 192 541 73 529 274 5 137 425 507 432 310 235 171 422 131 440 113 521 59 573 573 22 602 237 315 2 45 243 416 469 8 193 499 301 167 309 354 175 318 195 243 118 504 231 227 273 49 166 538 495 202 351 59 0 355 363 218 447 237 96 89 147 38 228 411 487 28 250 453 11 219 18 430 171 113 285 272 47 454 333 461 488 467 284 113 502 577 319 323 232 481 198 178 548 443 570 102 410 158 69 454 216 403 295 444 372 108 336 499 187 186 206 489 183 471 135 175 246 165 85 489 51 362 447 79 137 171 149 445 311 255 266 165 249 105 369 504 575 504 169 603 40 157 348 474 151 482 207 278 42 432 581 410 151 512 578 257 338 295 544 20 394 19 303 257 598 89 14 156 386 315 600 584 220 261 134 15 255 349 549 370 515 71 193 62 140 599 36 233 559 561 336 139 178 418 257 130 151 445 169 281 558 274 228 372 94 85 603 462 582
310 173 582 381 202 131 261 458 418 299 74 609 226 71 439 224 568 81 143 100 100 360 100 267 586 49 147 321 314 79 501 226 159 218 332 594 549 116 115 349 448 531 314 524 514 401 185 541 490 239 481 163 111 202 408 93 84 564 515 101 560 84 47 19 521 541 368 360 264 72 128 586 314 530 603 368 558 360 494 598 267 99 377 99 603 392 443 220 88 264 279 186 19 497 50 549 69 450 386 436 32 66 309 16 607 398 270 288 492 395 210 201 46 602 410 423 79 614 397 357 232 525 401 561 118 286 598 482 476 491 46 216 606 144 171 428 20 216 356 234 562 505 585 608 521 269 100 305 231 361 143 96 429 232 50 580 492 279 272 334 169 492 499 555 369 350 258 195 227 64 411 111 96 530 280 509 53 231 89 391 478 418 611 414 511 476 606 362 201 365 264 450 189 543 494 80 14 345 501 401 13 573 86 353 568 534 441 209 532 154 161 281 371 428 360 372 29 44 278 270 60 0 407 367 559 338 469 172 348 46 13 568 4 457 288 347 617 389 449 89 35 357 373 276 402 480 402 241 1 254 582 72 466 294 276 582 251 210 79 4 458 300 500 322 469 32 83 444 414 185 420 229 185 215 500 560 335 546 469 39 337 186 183 47 275 142 245 78 106 468 306 130 73 481 454 254 432 51 426 213 207 335 2 194 255 7 49 496 171 1 493 39
314 139 562 413 404 218 605 506 220 401 90 15 569 586 341 262 71 323 547 465 338 35 530 306 160 443 269 596 302 257 233 319 123 505 97 56 163 98 619 150 334 368 27 617 217 392 379 116 69 21 254 171 450 128 409 61 322 370 129 60 334 230 95 254 623 585 426 312 241 267 503 150 233 329 567 414 299 509 422 320 533 310 90 504 303 149 263 23 147 174 103 271 166 205 171 524 514 587 141 513 71 25 458 2 174 588 232 498 118 515 297 115 26 85 297 566 579 88 234 380 338 239 328 216 113 73 263 150 229 102 434 250 85 323 132 98 52 355 236 153 99 170 576 422 614 537 499 256 441 521 174 25 9 156 291 328 46 231 360 286 439 603 596 259 111 195 281 391 242 459 315 43 542 351 517 323 119 278 4 141 560 403 442 493 225 358 602 319 332 265 29 133 145 459 270 620 495 360 421 211 268 134 99 319 35 503 126 551 53 575 545 570 328 70 553 530 94 365 95 272 490 356 373 105 589 123 414 134 522 1 290 373 411 329 279 275 207 500 564 284 261 464 196 459 102 178 304 140 285 226 448 613 530 49 474 10 83 282 28 310 472 440 108 226 430 116 476 507 493 483 422 172 247 587 347 524 610 431 214 518 186 544 23 319 367 460 411 97 267 397 502 426 411 361 443 363 265 141 73 541 214 428 234 443 164 562 288 333 138 445 41 103 516 424 509 351
318 59 525 39 143 631 303 165 110 206 381 268 467 82 211 223 402 46 251 430 551 348 469 277 122 545 332 568 138 485 250 246 157 457 459 121 286 125 550 402 230 223 363 612 182 525 246 182 469 270 428 506 522 200 146 99 451 364 492 568 202 513 505 244 427 211 377 258 284 482 223 548 523 464 485 142 367 424 392 103 561 8 304 272 609 301 144 432 396 93 465 527 602 499 189 455 403 599 429 548 376 258 85 253 581 425 234 75 150 411 80 211 218 102 90 417 414 534 112 326 327 212 126 579 441 422 431 141 123 493 427 416 435 440 116 560 466 315 269 406 602 329 152 123 545 457 45 578 590 590 418 166 79 121 541 357 316 119 316 480 604 523 277 309 615 94 60 33 425 519 51 553 445 454 95 112 151 168 635 184 599 78 187 569 49 244 303 200 541 297 152 99 252 457 573 542 628 143 483 0 204 406 258 415 594 144 514 443 280 494 387 170 251 533 391 492 519 525 83 534 131 249 29 387 344 388 47 154 251 427 0 39 537 311 204 315 622 12 213 163 110 565 478 319 102 141 80 435 389 327 340 130 243 611 172 310 297 214 349 339 62 437 480 51 288 580 118 87 175 408 322 321 437 235 407 171 72 549 53 6 137 98 316 453 370 287 484 36 593 216 29 36 13 462 303 57 468 605 117 531 160 407 541 458 258 360 389 208 16 267 55 190 149 97 73 303 544 310 237 120
322 257 596 129 312 228 409 582 387 84 331 342 258 585 541 10 568 291 257 300 58 307 509 522 122 337 581 341 623 563 118 192 515 555 597 527 577 572 151 80 223 607 631 469 484 578 115 13 106 32 187 85 442 603 30 369 278 172 135 239 60 7 173 8 297 457 355 323 480 543 134 61 359 381 363 547 635 293 292 307 539 212 145 158 537 256 548 539 523 255 58 441 316 268 185 294 174 514 372 454 461 532 344 333 159 461 455 253 33 375 375 538 467 391 440 395 96 258 126 595 286 203 546 470 231 621 133 384 596 199 585 471 352 53 94 541 324 23 296 379 278 632 14 163 204 160 399 44 422 85 118 77 528 1 621 633 634 361 385 468 635 408 325 638 444 8 95 443 332 487 277 101 3 273 148 150 61 193 403 451 499 322 573 402 416 568 594 198 175 380 608 209 228 514 329 570 476 421 335 157 504 189 620 323 578 74 636 411 197 271 78 331 302 640 516 158 623 458 452 546 564 415 569 243 344 123 404 184 298 619 387 473 115 30 6 80 469 604 515 228 220 505 307 9 370 354 217 167 353 276 349 587 510 224 28 319 482 487 62 162 411 202 128 34 482 356 105 337 389 103 165 557 354 52 500 505 640 618 467 126 124 85 134 388 216 143 395 370 45 515 106 111 475 249 345 439 410 73 191 161 519 236 482 44 146 334 640 567 119 528 74 514 78 277 213 416 8 112 563 4 155 193 1 89
326 210 343 463 365 543 146 240 429 269 335 69 605 260 199 602 459 260 447 406 115 64 204 418 617 548 531 58 622 432 608 261 181 197 7 167 446 164 236 442 2 145 30 489 3 301 364 306 594 589 175 147 298 204 17 415 416 329 57 41 193 85 127 78 461 564 109 475 252 238 334 564 400 351 393 491 509 568 507 169 115 365 167 126 606 16 536 53 343 421 168 151 577 177 451 208 449 542 316 52 529 566 574 625 385 362 491 325 538 73 384 230 176 285 649 439 440 214 213 619 100 76 615 154 440 177 317 85 508 279 23 341 100 138 584 270 208 35 179 120 263 413 437 297 369 376 178 473 34 286 49 321 196 611 513 269 119 526 85 638 309 339 129 221 66 322 578 170 580 94 224 263 563 255 193 8 176 602 479 389 457 320 206 479 241 555 306 8 125 205 582 208 139 325 202 216 473 589 286 138 227 439 305 179 529 344 292 262 479 173 471 563 366 397 237 74 282 648 212 292 574 46 51 631 346 397 137 539 633 354 188 567 413 623 478 115 63 492 392 182 117 230 163 121 125 595 441 44 99 580 594 69 610 639 218 17 562 486 373 39 616 212 169 24 183 295 174 265 297 85 32 518 587 90 421 124 553 472 517 83 230 428 514 546 389 69 291 280 585 321 64 147 280 601 88 293 510 640 630 213 285 248 209 6 135 56 428 403 374 284 133 136 73 644 582 355 374 297 523 213 19 264 512 227 511 551 445 284
330 117 637 28 444 129 165 584 68 47 540 412 465 572 357 368 72 43 538 211 540 385 161 74 627 166 297 318 408 137 238 242 306 64 446 388 468 321 453 616 196 0 152 416 420 215 187 168 463 499 234 212 22 246 624 486 59 573 246 178 430 656 182 246 381 125 451 558 280 229 178 584 237 370 309 315 244 178 61 265 28 123 574 139 47 297 96 460 653 655 413 373 609 494 458 507 560 48 348 127 424 594 134 46 107 391 538 178 107 573 594 493 263 128 164 320 28 449 314 419 278 564 471 466 175 57 61 450 98 613 501 422 280 53 196 225 20 656 173 226 165 458 588 67 290 76 421 11 266 329 323 541 498 165 80 524 100 624 221 405 614 241 3 7 237 514 164 403 319 324 230 270 539 299 536 548 283 222 15 517 348 191 138 564 488 468 568 283 144 569 587 576 14 74 163 238 171 587 218 193 242 562 476 173 149 517 112 415 335 163 455 142 418 368 484 291 19 549 121 510 387 384 477 106 212 132 625 44 68 527 538 556 551 445 28 171 365 31 412 48 574 573 487 616 420 182 352 99 432 188 146 266 198 655 219 409 134 341 528 315 429 519 153 511 611 556 26 196 345 21 425 75 211 90 455 96 582 74 356 240 611 318 416 42 231 590 174 198 2 643 128 338 299 310 485 208 134 525 231 626 89 473 493 637 326 383 52 491 348 286 291 620 637 60 351 332 222 212 566 302 165 630 552 530 374 200 573 195 277 197 73 457
334 198 230 348 354 495 541 276 355 126 250 384 553 380 149 282 338 230 348 553 291 401 222 105 15 193 660 57 350 108 386 286 483 219 239 205 385 203 358 15 340 201 562 37 595 579 362 421 401 314 498 346 564 331 124 276 186 197 568 481 414 115 237 143 287 415 650 466 562 537 409 342 57 42 319 60 173 433 25 456 588 627 466 18 608 222 24 637 30 399 651 284 213 173 419 665 498 428 464 320 200 613 250 377 80 640 88 579 660 26 137 480 377 400 400 144 655 596 162 243 380 575 343 178 263 432 63 362 135 198 169 177 411 421 277 171 166 509 268 187 120 381 541 8 226 168 270 249 470 109 586 186 237 196 378 283 53 514 414 158 214 77 456 496 458 272 515 621 284 489 351 81 307 6 166 484 526 62 27 277 74 211 44 399 32 630 578 346 84 644 551 94 0 133 34 399 410 69 325 599 136 346 615 166 615 369 372 11 246 454 420 28 614 340 313 595 178 340 197 22 589 324 634 227 220 129 122 149 31 15 404 189 553 190 596 403 154 53 270 473 96 466 276 5 445 140 640 57 85 493 416 485 57 501 539 20 51 95 150 175 471 151 122 622 208 223 272 141 268 599 595 599 17 220 397 598 385 402 432 414 172 167 664 532 649 449 22 460 549 648 546 237 540 46 4 438 44 435 268 244 235 101 198 504 631 284 276 196 660 506 493 162 647 137 440 120 257 454 448 147 108 85 37 31 266 135 293 136 153 588 527 532 388 254 164 392
338 154 155 563 569 433 373 82 171 656 188 294 474 86 37 664 407 164 631 101 229 407 35 400 604 493 137 422 105 18 106 82 149 15 5 463 63 564 51 354 114 438 354 453 54 438 587 38 616 100 101 305 427 257 311 136 199 461 142 598 242 260 79 636 202 481 361 530 270 112 366 509 29 23 648 402 128 85 477 66 662 39 128 548 139 183 83 207 540 177 553 659 219 89 308 535 318 25 584 346 338 649 22 17 576 634 675 550 129 216 208 12 325 69 453 356 475 109 303 41 601 126 386 1 265 450 315 153 122 656 663 222 231 366 39 263 74 335 394 579 15 523 553 618 276 316 412 47 472 622 96 364 260 469 627 197 479 47 162 172 291 582 294 136 376 131 532 330 246 667 96 154 351 611 27 183 354 577 218 403 590 566 310 395 86 308 574 278 618 147 316 580 71 459 665 18 21 217 362 464 82 290 467 28 341 26 140 211 512 624 466 260 530 139 326 609 467 245 340 532 125 429 486 591 119 432 138 357 49 98 337 395 107 149 614 176 671 224 198 647 665 189 392 385 90 228 67 104 619 409 100 306 127 241 10 139 285 201 63 297 548 214 40 650 282 66 493 120 398 194 409 391 300 36 238 543 631 347 308 568 18 633 407 595 85 19 147 647 199 211 19 558 296 444 209 149 622 224 201 46 231 110 621 533 363 573 163 567 416 424 321 398 320 154 670 355 413 461 315 568 579 304 278 113 179 670 83 51 259 77 612 579 218 663 247 602 550 161 595 504
342 166 611 380 601 628 619 7 150 480 326 123 158 464 657 305 608 131 84 557 542 313 682 625 470 518 500 410 352 523 208 439 573 597 262 583 288 676 480 58 1 173 415 335 490 186 408 458 438 510 58 325 588 277 144 107 434 554 469 665 462 125 572 338 598 22 72 276 411 385 461 548 393 668 322 109 129 327 206 331 464 280 663 649 414 333 594 534 7 180 310 345 395 532 597 671 247 614 448 621 95 553 249 600 195 141 259 325 300 178 512 238 354 356 97 291 425 387 548 72 17 210 17 125 480 623 424 498 474 266 334 574 328 63 445 539 183 49 218 231 224 430 130 140 30 334 10 287 413 568 600 292 159 635 133 134 228 633 298 422 564 385 670 400 472 109 152 236 653 663 78 562 560 392 103 552 203 227 310 626 677 375 663 269 13 195 100 16 215 679 511 40 503 176 547 421 253 290 45 216 25 37 393 131 377 119 466 3 65 509 326 440 442 546 468 559 77 324 314 49 34 371 369 77 90 413 439 97 603 522 640 569 481 221 57 511 472 467 94 44 449 297 440 482 625 2 432 285 563 473 477 119 484 29 252 136 561 332 388 2 200 669 370 36 616 636 349 310 505 8 131 649 615 69 208 301 147 329 393 231 70 513 24 310 61 390 478 100 310 653 531 0 224 450 341 311 641 42 220 344 39 401 366 286 115 72 132 278 507 301 336 141 146 421 395 470 407 209 459 196 223 531 234 82 32 469 422 105 619 250 477 655 433 210 226 213 207 187 65 501 258 639 174 568
346 233 13 208 47 625 335 303 236 340 562 149 77 164 491 276 166 460 119 613 352 360 130 27 511 405 189 450 690 473 563 184 667 615 61 149 603 480 368 230 344 453 393 184 380 567 319 388 258 270 112 353 656 635 483 39 393 525 356 306 328 150 555 392 578 493 560 261 545 350 47 208 417 354 624 107 582 192 223 683 472 136 691 430 267 686 647 295 332 580 472 230 596 167 676 269 490 13 437 291 198 31 203 422 250 418 632 501 33 90 464 197 554 402 483 574 367 77 397 452 410 606 293 102 362 81 482 362 331 219 354 637 313 247 346 338 415 604 479 175 48 337 99 614 511 98 299 370 678 237 147 130 654 61 444 152 185 114 422 301 447 569 71 341 102 116 59 608 45 557 406 646 338 261 447 32 96 206 429 284 230 563 298 92 651 86 449 177 263 499 400 563 100 160 41 581 562 144 556 405 487 189 650 554 602 589 59 629 671 555 198 386 553 165 218 644 484 358 387 571 401 3 81 671 608 547 178 12 276 624 191 230 230 116 34 519 0 348 127 98 528 45 272 492 505 388 150 339 604 646 110 410 517 138 646 15 296 445 343 515 438 10 426 277 158 172 101 397 43 458 605 209 454 503 550 433 303 515 157 409 273 602 140 12 215 219 429 175 207 68 206 660 516 72 388 636 292 481 560 674 478 426 455 463 480 41 445 114 47 143 200 511 244 540 29 619 38 497 285 662 88 341 584 72 387 545 41 244 178 426 421 374 688 131 11 558 385 530 602 500 532 355 28 0 309 294 512 537
350 17 647 632 296 683 280 9 510 314 562 596 220 574 473 250 439 666 508 346 158 51 210 491 45 684 390 99 288 368 597 351 216 628 204 128 618 288 545 503 434 32 532 20 114 327 60 87 521 174 112 55 684 594 571 112 318 145 488 211 451 378 15 284 50 610 243 69 214 439 72 453 488 218 525 123 281 100 632 115 267 493 257 675 594 501 530 170 230 409 686 523 346 664 120 632 143 46 148 136 645 541 313 453 236 264 558 529 115 287 165 504 574 610 18 372 594 80 399 634 657 576 571 595 149 241 426 633 556 433 667 41 144 593 86 506 627 177 459 584 359 154 328 460 555 90 397 164 105 85 624 618 503 107 153 676 247 75 262 295 220 653 15 545 426 393 360 450 75 682 225 677 148 126 649 506 212 537 153 394 219 485 70 693 447 694 11 53 338 448 100 642 293 535 2 353 595 391 272 148 128 483 404 77 401 343 125 180 524 476 488 385 29 399 441 52 165 217 68 369 53 76 28 698 238 548 73 697 672 510 648 535 522 512 421 362 25 638 247 130 327 639 206 617 217 340 456 122 212 54 99 679 54 370 171 526 264 394 15 89 89 407 31 391 246 526 78 141 305 293 362 216 556 163 221 77 362 686 585 343 79 566 439 366 334 675 319 198 688 280 469 635 501 362 499 128 153 219 594 505 689 60 109 257 568 588 96 503 592 434 135 107 56 359 390 154 509 197 230 176 90 242 441 675 96 699 120 51 441 636 24 397 683 122 361 430 85 338 558 518 282 551 615 639 489 374 234 557 598 323 231 548
354 290 9 369 543 35 17 185 338 658 696 670 334 19 410 527 152 596 481 164 534 130 567 614 469 326 478 247 212 443 515 108 640 218 699 169 425 497 451 167 211 402 39 628 567 183 250 527 616 319 283 74 32 112 68 321 219 161 234 113 618 655 620 255 407 187 692 680 279 206 544 10 76 273 394 463 411 161 268 126 101 284 142 506 206 582 447 627 455 166 30 141 700 667 417 129 427 200 550 462 273 699 552 156 320 240 557 62 594 606 425 571 526 366 364 394 313 540 192 638 408 522 567 705 441 683 432 168 615 135 157 103 30 354 421 415 415 290 364 64 633 37 666 675 462 36 98 171 372 414 245 404 161 113 25 239 554 289 70 628 605 563 140 198 248 275 169 660 241 579 690 30 355 516 88 36 181 253 666 279 358 626 65 351 507 54 514 528 257 55 525 69 160 210 80 531 479 299 90 48 431 569 518 119 7 414 583 521 105 425 471 244 550 86 239 665 385 281 174 612 429 498 555 683 50 95 94 417 557 466 18 130 451 109 374 619 280 630 240 706 50 204 446 522 196 299 59 377 666 458 571 239 241 155 565 615 303 525 50 420 143 682 67 86 280 115 204 502 546 2 493 589 588 171 251 198 434 201 299 683 230 603 185 587 245 234 454 134 456 29 85 58 374 53 338 671 358 185 476 130 27 45 114 443 180 407 225 651 236 459 59 619 502 378 692 170 605 312 360 58 354 280 488 35 109 669 415 53 109 115 474 616 219 229 358 527 654 174 612 240 272 269 35 67 390 419 9 201 288 540 240 56 396 323 693 11
358 306 351 190 282 514 264 219 336 11 472 259 193 354 263 70 429 675 480 615 445 189 708 645 552 524 633 576 660 243 648 668 294 638 482 110 334 378 695 234 564 223 474 424 288 570 165 167 651 26 405 223 171 220 120 690 386 8 270 401 55 608 712 529 455 93 539 21 269 595 282 100 412 473 621 470 52 219 327 137 526 634 145 286 82 553 311 640 435 349 417 158 545 221 221 344 276 477 36 21 102 146 204 670 663 29 624 641 533 212 241 545 500 713 679 663 485 675 37 257 491 538 691 567 49 656 567 567 32 212 530 497 579 99 29 452 367 69 100 183 280 567 159 259 84 27 610 491 327 41 385 617 710 321 281 359 129 323 207 440 313 158 582 681 20 320 626 23 361 669 362 56 597 603 235 231 229 24 450 638 105 643 584 229 423 20 191 696 457 3 407 643 624 623 592 617 63 617 300 596 264 447 86 90 263 557 570 179 399 222 453 605 711 30 6 171 197 548 153 147 239 592 691 368 24 77 303 593 491 121 593 445 241 67 695 385 264 181 16 212 107 323 523 274 89 405 605 374 174 656 180 237 591 81 266 672 535 715 378 81 309 324 639 365 154 335 186 493 581 650 74 681 255 431 627 685 706 401 303 193 582 207 105 190 241 633 322 684 653 542 103 36 182 358 175 454 607 219 561 365 530 390 713 258 45 613 76 557 434 300 337 75 367 382 373 178 364 332 83 94 439 623 540 622 139 676 374 320 559 31 666 206 659 180 166 327 184 654 594 106 267 45 683 113 514 287 137 53 245 699 339 572 555 620 347 102 617 99 433 63
362 232 158 541 333 244 620 457 292 228 27 471 662 94 15 582 191 24 248 626 653 416 490 545 423 229 484 321 465 382 619 208 201 107 352 512 201 475 457 626 18 178 658 264 40 133 628 612 353 45 665 521 392 361 432 309 602 447 4 352 512 492 349 428 344 6 705 555 506 200 273 413 71 151 554 640 286 163 314 697 432 420 334 612 348 575 447 65 213 559 253 402 448 488 54 110 185 47 438 32 91 4 589 353 174 489 404 527 27 657 623 313 703 269 57 111 88 721 228 575 346 12 605 160 455 53 196 525 60 601 426 210 341 375 241 57 449 493 475 262 498 596 659 656 162 190 404 326 528 394 654 297 651 292 467 213 670 212 372 640 249 493 658 169 13 269 569 608 421 186 648 711 410 202 548 90 179 515 314 655 214 174 166 91 599 236 44 580 624 668 421 695 387 289 56 374 519 102 351 338 581 328 180 680 86 421 159 665 591 201 679 282 20 175 259 466 569 370 694 181 76 100 18 380 142 393 187 182 30 99 596 17 696 163 232 382 8 19 352 691 671 330 97 214 370 32 483 530 488 160 668 48 210 610 348 264 693 409 716 270 644 180 640 591 252 518 19 656 720 567 623 429 279 5 697 54 143 62 377 359 410 606 529 572 650 545 631 81 670 58 562 246 118 603 441 195 53 295 443 450 303 592 422 315 320 691 197 625 552 594 490 275 357 578 697 555 366 599 411 96 199 178 330 22 163 339 601 269 4 294 211 462 319 89 119 249 119 36 187 677 38 537 97 508 47 637 244 200 410 599 92 84 661 704 483 307 593 685 505 593 268 267 618 538
366 186 121 600 23 618 480 362 326 466 546 359 417 168 520 122 559 485 632 587 448 363 123 477 16 136 490 238 691 579 420 662 300 176 707 10 330 655 17 3 79 533 437 210 249 80 673 200 139 90 0 199 591 119 655 667 504 104 478 357 171 429 430 685 414 11 521 15 561 328 540 37 320 382 718 637 291 438 132 42 169 718 414 304 702 632 605 693 64 507 731 64 347 621 486 158 144 657 393 57 692 276 183 246 213 97 562 88 633 558 229 592 248 259 238 66 560 476 716 427 478 1 103 401 59 573 330 6 499 715 585 595 663 694 631 382 170 23 210 350 144 73 549 272 62 417 81 44 442 220 264 246 516 127 279 674 135 495 461 496 409 8 691 294 21 358 254 704 91 186 651 675 76 416 223 127 700 87 708 299 136 240 499 286 432 727 206 403 208 165 323 21 705 469 40 446 359 213 109 369 436 601 219 439 90 37 292 703 19 610 133 3 194 254 386 529 389 104 525 5 528 142 426 716 44 669 357 143 378 163 502 301 352 60 634 652 228 381 6 315 134 496 317 651 238 724 360 11 687 290 525 95 469 311 445 357 129 368 366 93 102 105 637 446 31 130 535 498 647 527 306 177 321 375 497 622 664 100 306 614 621 127 34 426 420 388 109 59 419 642 436 195 645 704 291 473 64 654 372 141 667 74 263 245 614 277 248 595 631 111 682 474 460 267 477 175 280 398 28 332 113 672 693 254 184 611 621 113 168 259 653 502 648 21 729 312 24 272 131 388 351 72 325 131 20 541 216 274 719 417 561 33 471 184 459 641 386 160 71 408 589 103 363 196 281 654 284 650
370 31 558 125 692 211 598 164 609 635 362 386 54 448 230 319 341 343 574 155 673 625 114 184 24 588 274 230 551 207 209 647 574 642 490 719 440 451 705 376 368 419 486 714 52 204 388 276 115 280 216 636 288 641 72 385 648 249 589 456 352 554 297 603 372 606 209 531 552 205 723 629 488 563 657 507 567 562 698 599 555 328 238 619 602 16 104 253 353 158 176 662 548 228 61 238 119 628 697 377 143 595 671 272 668 372 581 704 97 500 45 393 260 132 68 384 367 721 363 343 555 485 76 164 292 615 317 198 715 583 58 658 491 315 488 628 280 558 5 686 63 298 125 235 373 303 467 325 66 720 280 551 253 336 189 616 61 22 264 533 29 159 648 88 8 728 36 578 73 589 22 19 548 23 498 5 219 122 657 346 418 6 424 365 406 735 407 736 235 731 486 473 707 365 679 5 129 558 415 139 299 347 704 297 516 601 399 669 564 259 479 515 307 232 8 735 531 348 27 534 4 491 662 332 7 53 507 583 116 374 296 387 519 90 646 700 176 706 11 23 699 597 305 465 59 597 656 449 247 43 562 335 306 211 364 445 144 570 731 319 241 292 409 616 353 96 602 179 81 659 233 583 383 157 531 601 466 544 109 105 330 474 531 78 341 182 626 516 437 232 137 334 77 246 689 588 377 181 141 665 306 386 225 411 430 552 4 154 272 705 202 193 120 158 226 675 219 38 547 6 332 709 645 17 68 124 427 247 262 414 30 572 734 4 664 182 352 139 230 578 234 100 266 117 335 654 243 538 524 426 664 559 217 535 453 348 211 3 476 263 160 90 98 264 139 536 307 480 533 108 166 275
374 324 550 536 706 42 79 449 664 306 481 724 9 314 730 743 49 228 199 444 16 382 443 511 162 267 662 284 142 485 80 316 238 62 445 492 572 124 602 293 199 513 379 131 301 702 64 296 71 659 242 334 628 546 603 67 194 83 636 621 446 319 681 534 712 274 513 103 6 210 276 220 384 483 129 31 377 480 541 297 296 671 598 207 212 0 541 727 100 282 68 468 713 67 668 546 196 461 216 28 424 272 688 119 620 277 513 258 122 647 15 171 582 399 452 530 406 211 476 208 638 108 419 54 534 362 277 331 220 152 256 228 712 345 210 268 146 127 4 400 566 175 280 358 472 403 120 423 462 376 63 120 116 227 487 586 235 288 137 183 294 417 622 135 219 190 163 51 88 161 54 223 266 488 160 427 625 259 637 448 542 380 560 50 619 269 347 552 113 152 504 547 222 21 388 276 219 453 457 512 34 533 348 55 35 506 678 432 1 336 297 236 161 140 68 84 541 727 289 639 685 647 580 638 659 208 353 624 46 217 743 90 679 89 155 407 692 420 632 554 520 697 481 369 530 245 15 196 545 626 411 210 178 416 607 656 216 126 258 458 697 633 331 655 5 121 230 426 338 102 410 114 634 661 396 110 671 416 573 580 671 741 189 384 614 510 32 621 44 251 704 423 249 714 666 535 499 28 50 626 343 44 653 356 113 310 270 70 706 549 243 164 42 670 249 262 104 379 740 109 324 583 603 372 699 2 563 493 656 154 338 581 203 721 298 135 445 40 376 344 121 641 396 497 433 149 105 720 587 260 576 391 280 13 426 213 51 114 143 266 684 588 161 655 712 142 353 275 622 341 154 626 100 525 439 565
378 80 611 183 461 681 425 66 354 103 323 335 379 657 443 501 124 216 84 336 63 592 658 406 571 287 433 582 542 341 432 185 327 409 586 404 141 371 703 607 387 344 241 536 397 98 187 726 16 711 432 497 677 352 538 309 528 556 692 249 301 443 664 363 226 623 588 421 541 244 565 193 17 611 225 162 591 209 718 618 566 471 326 191 36 28 139 363 544 204 627 512 230 528 591 97 609 364 197 736 166 92 752 156 651 170 569 146 397 423 400 661 726 197 688 132 364 437 165 130 317 116 138 442 191 594 489 48 164 552 736 118 462 298 741 180 489 391 90 232 650 440 293 453 638 421 753 427 515 270 711 486 705 633 532 372 585 130 334 112 244 405 571 64 360 484 735 435 473 727 743 75 73 411 353 121 270 583 445 126 688 723 641 108 426 18 129 749 735 729 526 658 93 754 443 371 271 596 678 608 142 234 638 436 167 566 373 599 503 585 666 432 353 702 693 51 63 287 228 305 272 614 307 405 216 71 486 25 43 22 516 651 110 92 97 136 386 253 721 272 129 467 451 264 138 513 187 616 228 299 577 714 307 326 388 177 530 723 99 69 224 537 161 419 729 147 18 681 556 723 105 568 696 613 274 745 102 303 81 607 682 732 436 279 223 593 564 741 220 308 22 45 645 287 214 578 78 112 254 462 47 207 205 545 589 383 451 217 1 210 358 320 737 478 530 727 638 277 18 400 747 706 613 425 464 420 449 705 345 216 573 66 93 188 465 183 44 366 434 358 433 469 342 465 753 710 600 134 533 15 119 148 25 738 271 512 182 38 742 361 244 596 318 203 520 693 80 723 515 572 239 138 635 709 29 275 267 508 655 320
382 160 662 227 323 287 292 140 560 398 151 170 597 246 421 199 543 696 712 567 441 157 178 469 710 286 683 486 723 484 667 313 762 595 656 157 336 571 682 533 504 576 226 742 576 264 683 398 139 300 677 387 412 533 666 232 38 562 0 311 340 524 418 586 155 266 631 521 372 700 85 326 260 485 362 673 590 492 290 60 406 278 143 431 526 435 123 194 608 122 170 501 495 127 299 384 562 313 138 230 30 454 127 282 720 151 678 577 740 682 111 440 460 423 760 649 114 385 213 435 654 532 741 586 411 349 362 462 316 560 449 227 193 267 447 169 686 106 237 144 140 636 296 234 329 715 125 553 628 433 643 289 312 311 355 348 377 643 459 19 563 14 224 292 420 706 605 522 2 157 28 480 731 596 662 569 484 399 112 602 243 532 402 357 265 179 78 525 719 290 726 531 347 519 378 181 481 210 465 98 521 689 49 370 762 592 96 552 633 147 25 221 238 450 113 537 522 197 453 529 89 319 360 454 169 607 139 269 285 498 264 496 265 431 745 751 350 493 735 411 720 254 272 459 445 301 48 564 360 648 661 502 545 681 45 298 508 301 244 595 78 300 237 317 757 287 468 502 421 254 463 422 204 458 642 10 176 350 368 95 177 734 75 341 555 454 577 122 517 130 717 116 68 737 7 528 761 252 727 464 556 239 124 718 421 46 282 591 155 25 310 742 445 332 457 365 49 572 391 94 152 14 289 168 629 183 352 123 578 198 195 46 99 591 242 678 756 397 605 449 9 490 607 726 382 132 196 607 440 150 15 155 506 224 609 431 325 570 202 243 628 71 184 761 646 162 516 252 431 448 332 225 68 749 194 122 488 151 354 4 671 99 16 667
386 239 363 16 706 495 360 719 498 690 743 335 39 318 642 278 377 716 391 162 16 326 114 630 512 130 269 668 13 599 499 687 606 745 481 129 64 269 458 3 311 455 375 482 759 239 454 736 79 729 288 596 28 200 179 154 703 408 180 514 438 475 31 577 205 481 434 425 520 40 750 54 410 3 420 538 607 454 468 599 492 470 122 306 304 516 732 533 618 515 26 612 150 251 266 627 390 298 9 608 319 149 299 56 203 304 353 588 709 341 585 430 5 183 672 318 702 192 19 690 307 374 503 503 214 474 511 354 589 757 381 95 283 284 555 476 127 484 178 423 277 460 10 164 694 268 260 565 232 262 515 69 193 301 684 650 747 505 92 478 327 360 32 696 733 195 656 133 195 204 731 328 323 302 567 609 258 189 238 398 145 174 351 571 631 488 536 327 416 88 168 91 687 503 623 141 133 56 557 53 388 203 464 648 138 312 85 9 465 331 428 33 265 566 26 73 535 274 699 638 468 323 308 584 394 342 750 480 654 329 199 249 123 650 677 52 59 747 496 194 108 127 352 636 126 283 281 13 452 608 624 402 58 428 719 264 77 214 595 227 283 708 643 125 242 5 723 577 445 670 429 640 406 340 531 199 654 498 650 131 433 397 60 597 458 390 30 661 437 92 723 79 364 386 354 586 31 260 128 545 271 613 48 183 700 363 259 141 34 11 135 657 479 301 578 460 424 125 7 391 573 524 551 10 331 234 503 322 718 347 353 160 369 610 469 136 334 483 99 582 142 28 449 126 329 40 0 700 277 127 745 306 4 487 186 371 357 224 406 162 218 238 633 110 595 257 31 471 650 565 10 638 350 320 736 318 601 767 445 201 63 81 254 438 12 86 506 597
390 259 777 126 495 273 240 223 416 393 586 182 753 27 707 392 385 257 292 596 83 304 141 491 700 99 241 66 206 707 138 159 517 553 483 130 162 587 460 319 762 237 347 173 270 579 80 758 424 452 41 128 312 330 544 296 424 624 35 221 621 567 417 595 776 203 364 182 25 672 686 494 607 149 407 623 246 575 119 462 274 658 33 23 456 91 193 211 59 626 425 576 478 59 558 373 220 464 551 215 141 570 41 737 192 409 377 68 707 145 74 672 406 378 268 317 683 382 467 483 496 653 274 481 428 405 435 298 282 296 663 295 79 25 353 138 436 163 519 148 557 400 356 254 391 77 625 161 415 703 399 401 87 575 17 605 47 484 698 374 300 642 448 234 215 442 496 436 514 225 186 489 52 439 436 745 129 103 251 292 129 296 662 323 293 25 31 528 120 725 365 573 767 571 428 172 699 637 421 652 371 39 483 225 450 596 353 468 302 405 166 747 324 332 365 556 29 631 159 77 494 478 763 609 136 67 725 150 508 281 540 484 102 155 26 452 734 13 668 336 7 363 383 726 303 525 760 509 432 773 70 109 396 420 531 183 491 57 284 776 49 482 480 187 12 432 552 149 550 14 109 56 740 631 498 112 182 175 753 420 369 70 670 133 327 460 323 192 370 90 658 10 467 67 112 773 244 87 21 398 367 1 408 342 603 196 253 449 253 295 744 329 171 446 603 21 281 109 119 472 588 460 42 650 567 343 86 275 565 277 453 354 601 135 39 596 249 331 738 416 168 215 438 596 211 283 11 19 67 19 360 377 560 777 436 170 27 768 5 325 62 272 66 293 758 335 103 764 101 670 399 518 778 704 137 731 135 392 171 376 136 424 496 426 762 112 375 437 762 301 560 271
394 381 224 677 16 20 359 503 5 678 86 580 535 618 556 564 256 262 466 608 478 279 180 305 350 113 84 47 676 505 334 306 553 278 133 729 642 668 97 485 418 176 702 384 628 712 55 785 203 719 431 412 481 402 325 274 288 63 446 407 34 169 395 207 35 657 477 180 420 502 237 148 51 66 185 529 101 521 344 71 249 528 263 148 471 49 14 376 241 260 21 250 131 345 387 778 88 103 569 673 761 564 360 441 129 42 676 473 133 187 386 529 541 315 251 295 401 331 470 198 189 273 274 117 106 782 433 144 199 480 2 482 454 378 486 727 620 328 665 126 312 287 267 782 427 734 166 590 178 589 316 508 401 335 147 63 250 510 166 16 608 488 42 181 369 513 578 499 576 161 396 480 192 167 427 214 127 103 731 5 156 626 67 610 427 188 660 436 354 590 534 243 319 661 59 416 435 341 178 75 637 775 141 621 516 100 502 718 267 262 542 125 703 224 98 102 310 303 654 661 217 499 163 624 407 397 454 673 343 388 62 505 388 305 12 661 457 700 604 402 495 276 579 508 230 134 228 742 53 22 339 221 604 593 511 449 469 693 395 510 695 348 182 39 530 429 357 228 648 217 373 168 575 473 165 507 217 602 599 613 575 324 678 104 668 536 369 609 252 583 685 329 130 359 676 35 222 531 518 246 714 266 525 117 132 2 357 717 42 558 313 34 135 511 557 255 653 755 26 11 28 515 442 276 61 471 367 48 9 733 614 471 277 460 647 421 201 102 210 735 433 191 354 257 61 105 132 241 199 365 537 66 325 357 633 720 675 330 461 265 540 271 627 407 66 633 402 36 120 561 662 372 440 172 31 386 176 461 317 624 65 576 714 143 271 40 66 373 395 668 450 697 562 245 703 77
398 168 31 723 7 225 716 348 340 226 132 346 677 250 170 774 473 783 417 402 112 515 355 31 221 343 366 545 57 354 639 372 47 383 263 592 489 533 744 166 708 350 500 791 247 684 730 520 409 75 95 486 518 338 750 710 74 58 575 89 204 56 648 202 404 323 397 473 362 734 119 20 575 366 226 716 83 752 565 73 409 66 603 484 717 108 131 668 133 589 272 792 492 625 734 42 28 7 392 175 588 523 772 172 40 673 244 210 66 422 680 545 101 483 37 480 490 550 317 735 326 281 757 706 289 19 298 792 439 728 456 141 665 42 728 771 537 2 179 660 421 718 636 778 785 95 679 213 20 252 781 319 277 417 127 594 381 532 166 101 379 585 155 129 370 600 763 80 161 49 33 210 210 730 45 725 495 195 344 536 164 51 210 193 69 675 138 357 625 767 196 701 438 281 651 177 785 520 487 642 144 201 122 259 328 736 136 396 247 405 764 441 693 263 789 151 162 102 770 28 467 746 578 633 496 7 653 470 90 769 671 223 605 523 640 163 374 385 533 663 184 182 150 201 270 782 727 162 197 290 362 153 553 555 88 535 636 304 280 367 736 707 258 48 751 677 200 654 217 761 703 482 329 11 770 396 300 228 760 635 41 535 573 323 304 752 679 348 1 452 155 405 619 403 581 355 91 743 268 778 623 340 361 671 504 712 113 31 641 473 497 680 33 523 598 436 90 776 576 343 223 152 659 231 34 450 778 687 645 626 97 148 50 193 413 104 471 245 677 722 317 204 709 566 664 686 140 642 138 612 587 744 361 177 331 304 260 193 766 352 320 14 469 467 219 451 92 745 235 1 548 344 318 20 700 484 502 442 130 140 415 88 776 479 473 105 651 609 677 65 68 585 23 311 488 550 220 610 590 764
402 56 509 215 586 575 412 560 541 608 516 187 625 370 284 718 440 339 372 396 692 77 512 383 11 322 446 693 699 625 743 479 514 147 574 44 10 83 276 773 323 660 192 304 327 529 741 243 129 763 384 231 40 28 225 90 780 668 303 792 763 757 374 190 721 23 377 34 797 48 412 65 541 194 375 397 698 602 770 676 218 569 754 487 771 340 517 517 774 53 664 233 201 176 630 103 356 800 141 433 534 297 440 551 475 801 16 35 357 287 783 255 714 294 726 394 603 276 318 737 301 531 673 379 369 61 766 599 730 296 368 20 617 417 267 12 102 667 67 641 448 496 480 776 212 802 764 163 605 624 103 216 60 11 710 767 729 714 442 25 186 558 38 635 682 550 176 402 250 268 267 92 621 324 687 124 498 582 670 501 330 561 706 781 9 615 494 21 661 577 801 30 115 192 384 274 0 741 356 695 112 298 451 776 310 112 725 546 90 165 461 435 320 479 489 152 333 641 199 705 345 424 729 182 152 714 299 165 447 562 681 97 621 174 342 425 359 306 413 471 766 346 441 635 274 663 574 424 52 329 439 590 109 718 23 152 654 312 327 470 193 110 486 148 205 0 651 46 517 560 344 654 750 295 36 463 242 632 519 203 775 703 546 281 478 333 293 691 615 46 453 423 134 481 513 601 629 690 726 522 180 488 705 286 187 541 473 74 562 210 392 765 34 106 63 757 397 381 408 481 91 383 732 444 739 474 178 234 199 754 7 141 74 316 137 318 435 327 743 228 404 688 445 737 122 146 675 95 679 406 638 155 232 56 577 760 22 642 624 390 65 611 557 531 398 176 719 399 62 46 36 598 407 172 295 625 645 9 117 482 565 433 490 566 741 178 387 637 723 491 226 517 504 87 257 37 632 645 706 788 565 697 232 127
406 247 743 683 425 701 200 79 317 56 2 361 474 241 227 43 277 272 225 196 399 326 433 367 44 160 120 478 613 319 680 165 194 781 379 51 545 276 101 70 782 343 727 252 658 548 582 427 446 322 33 715 777 526 292 575 319 327 144 414 797 14 481 251 660 25 401 380 601 610 545 489 290 498 757 472 157 519 798 479 168 726 367 11 435 560 581 126 78 776 636 608 762 78 519 156 291 180 716 642 754 387 320 519 221 133 735 354 23 591 174 317 405 478 569 622 515 52 639 95 360 65 614 130 39 669 660 796 566 141 208 797 746 117 706 767 247 754 128 249 90 211 400 718 794 417 514 1 526 528 320 235 536 667 658 221 9 380 670 135 300 318 442 267 628 196 20 553 286 591 725 420 668 606 22 41 394 424 223 278 422 783 381 51 467 652 552 443 68 367 705 203 176 204 304 411 82 436 511 107 772 216 146 240 714 737 557 520 160 85 741 263 18 765 318 474 136 796 785 732 158 585 78 559 460 183 140 668 433 795 461 333 573 318 202 205 683 633 539 369 527 170 721 498 338 243 471 5 644 352 634 798 803 316 718 756 209 390 299 389 10 663 633 601 677 717 452 796 603 484 405 796 394 522 217 48 214 204 175 808 723 161 532 387 538 756 652 739 577 19 576 334 610 165 798 101 781 786 219 290 462 470 129 654 273 673 581 582 787 438 119 650 610 395 413 314 95 684 195 385 117 134 576 26 223 270 332 247 529 299 307 493 27 544 634 81 274 438 735 141 61 96 179 798 724 585 560 684 426 169 420 134 204 303 602 762 62 145 120 25 227 490 196 240 729 594 28 451 669 80 178 391 799 283 662 147 469 194 623 532 296 515 156 592 732 135 761 610 557 512 437 368 746 366 332 476 41 198 800 96 279 678 72 128 3 532 475 7
