bool 10 1 1 0 0 0 0 0 1 1 0
int 10 57 5 43 79 28 72 89 53 39 78
int 11 12 42 34 13 15 80 53 81 9 1 56
int 11 73 5 66 78 46 49 74 5 73 49 98
bool 13 0 1 1 0 0 1 1 1 1 0 1 1 1
char 13 c p o f n a l t o f j n j
int 15 65 42 23 2 40 32 28 25 3 8 6 43 9 3 42
double 15 4.19 7.27 0.53 1.28 7.54 3.97 2.7 9.36 5.53 9.13 5.46 0.37 2.46 7.54 1.44
bool 16 0 1 1 0 0 1 0 1 1 1 1 1 1 1 0 0
bool 16 0 0 0 0 0 0 1 0 1 0 1 1 0 1 0 0
int 16 12 76 1 94 75 21 78 78 23 33 6 68 41 1 76 83
int 22 81 22 90 43 82 82 46 57 42 48 55 59 1 16 22 50 26 37 84 27 43 39
double 26 6.65 7.14 6.56 6.51 9.77 3.67 0.05 6.23 8.73 6.39 9.35 8.06 0.62 4.58 6.36 5.26 1.52 4.4 8.96 0.76 4.93 3.52 8.99 7.42 5.48 5.22
char 27 a e a i k d d l d q o m j m c b p p l e k g n i g n t
char 29 k q n c b s d b c t i l q c h d i a l a j c e l f l j j n
bool 30 0 1 0 1 0 0 1 0 1 1 1 0 1 1 0 0 0 0 1 1 0 0 1 0 0 1 1 1 1 1
int 30 57 53 86 93 34 83 27 78 10 43 3 53 68 48 12 54 97 36 9 34 72 39 72 58 38 34 49 67 96 79
int 33 6 83 72 23 37 59 15 24 15 64 38 83 92 70 2 96 8 70 14 57 23 20 85 24 79 78 5 25 76 9 37 36 52
bool 33 0 1 0 1 0 1 0 1 1 0 1 1 0 1 1 1 0 0 0 1 1 0 0 1 0 0 0 0 1 1 1 0 0
double 34 3.95 2.58 3.07 6.97 6.83 1.03 1.52 3.61 9.03 7.43 1.85 5.77 4.73 9.05 6.95 0.13 2.85 8.93 9.82 9.26 1.14 8.12 5.06 2.62 2.19 8.58 4.5 1.54 2.7 9.08 0.21 3.04 7.09 8.7
char 35 b q k j f m l j n n p p n b i k p j c h f a h n f d q i m r o n t o a
int 35 87 46 66 42 59 58 27 35 82 76 10 25 50 94 23 41 38 4 18 19 14 60 20 87 92 26 45 75 59 51 58 22 18 18 33
int 36 2 98 29 75 92 91 87 60 57 61 49 59 44 2 29 34 56 53 84 47 68 45 26 25 16 91 95 46 36 4 62 29 80 94 16 32
char 38 p a l j n r q o a i j m k p d d t q o b r c s f s k f j t q s r p j h l r q
int 39 63 34 30 70 14 41 17 60 9 49 72 33 61 42 16 32 99 58 38 14 66 27 99 64 16 56 59 29 92 35 22 51 91 96 33 52 52 58 43
double 41 6.48 3.9 1.02 0.03 6.64 2.42 1.3 8.74 5.84 8.63 2.51 6.93 8.07 2.04 3.93 2.18 1.84 9.32 0.62 9.01 0.17 1.09 5.95 3.14 6.69 1.23 7.6 2.24 3.36 7.94 2.14 3.5 6.22 1.22 3 7.49 5.58 0.5 4.18 1.04 9.06
char 41 s d m e b b q r l p e c d b h o n k j f b f e d b e e a k g j b i m s f d r l m f
int 43 58 29 76 40 66 48 73 6 3 7 65 6 26 59 76 93 93 62 77 27 4 70 28 77 47 91 42 80 44 79 9 62 75 30 19 95 51 68 89 63 81 66 21
char 45 j f o g q j q j n o e c o h f g i b d n f c m g q r i r n h b f a i b a e q q h k l p c t
bool 45 1 1 0 1 1 0 0 0 1 1 1 1 1 0 1 0 0 1 1 1 1 0 1 1 1 1 0 0 1 0 0 0 0 1 1 0 0 1 0 1 1 1 0 0 0
bool 46 0 0 1 1 0 1 1 1 0 1 0 0 0 0 0 1 1 1 1 0 0 0 1 0 0 0 1 1 0 0 1 1 0 0 0 0 0 1 0 1 0 0 1 1 0 1
int 47 31 79 61 38 64 65 51 7 56 45 65 26 98 47 53 24 7 38 18 26 51 98 78 7 71 81 21 3 67 18 58 44 44 38 26 78 97 47 49 79 73 72 11 9 2 48 84
bool 47 1 0 1 1 0 0 1 1 0 1 0 1 0 0 0 0 1 1 0 1 1 1 0 0 1 1 0 1 0 1 0 1 0 0 1 0 1 1 1 1 1 1 1 0 1 1 0
char 48 o h o q e b d o c g k b f d t n n o g c f k a m b i o k e k b m f k k q l d e g r s m f o t q g
int 48 20 53 78 75 87 19 37 36 1 26 63 30 41 81 48 55 89 50 5 23 51 12 28 91 94 84 32 15 3 83 86 95 51 91 27 21 67 65 78 30 29 16 1 99 3 60 40 16
bool 48 1 0 0 0 0 1 0 1 0 0 0 0 0 0 1 1 0 1 0 0 1 1 1 1 1 0 0 1 0 1 1 1 1 1 1 1 1 1 1 1 1 1 0 0 0 1 0 0
char 49 a q n d o n r p k c g s m l g g m a i r n s c a m s k b g d t i d b j i j s j d o a c h g h i p j
int 49 57 34 12 25 8 2 48 41 95 51 18 91 80 70 36 89 69 88 60 61 47 50 95 56 41 93 21 69 89 97 4 80 54 71 87 53 5 80 85 43 96 47 7 71 26 3 91 59 31
bool 49 1 1 0 0 0 0 1 0 0 1 0 1 0 1 0 1 0 0 0 0 0 1 1 0 1 0 0 1 0 0 1 1 1 0 1 0 0 0 0 0 0 0 0 1 0 0 0 0 0
char 50 q k g k e p m d t l c c m t i i s q b h g e h a l p j a l b h a p g o i h h n q m p h b t r g e b d
char 50 q f o j i i g r m e b q s q i d t m t h i j m f t o k j o n n e r k h k m q e o b q k a c c c e f d
bool 50 0 0 1 1 0 1 0 0 0 1 0 0 0 1 1 0 0 0 1 1 0 0 1 0 1 0 0 0 0 0 0 0 0 1 0 0 0 1 0 1 0 1 1 0 0 1 0 0 0 1
double 51 5.45 5.96 6.31 8.41 3.68 6.65 3.32 2.9 2.19 7.83 1.73 3.68 7.67 9.9 7.31 4.49 4.28 5.32 2.07 7.86 7.28 1.32 0.68 5.91 5.23 1.46 7.58 0.25 6.92 1.23 4.58 5.25 7.83 1.1 6.56 1.31 0.91 9.97 5.48 7.21 3.4 1.38 4.63 5.26 7.68 1.07 9.8 8.52 9.14 5.07 2.62
char 52 h l s c s n s t i n r i f m l k a l n p o p o e s i a g i r p g g f a r d s r f o d f k b j o c g h a g
double 53 2.32 5.06 3.94 7.24 4.79 2.94 2.2 8.7 1 4.65 9.35 8.49 7.02 6.84 9.89 5.77 5.62 7.87 3.43 5.17 5.15 2.73 2.54 1.8 6.96 4.65 5.5 2.76 4.28 3.73 0.68 1.09 7.41 4.32 6.76 1.72 5.58 2.91 9.68 9.14 0.8 3.22 1.88 1.27 9.34 7.35 4.25 8.7 9.3 2.06 3.45 7.09 9.54
bool 53 1 0 0 0 0 1 0 0 0 1 1 1 0 0 0 1 1 0 1 0 0 1 1 0 0 1 0 0 1 1 1 0 1 0 0 1 0 1 0 1 1 1 1 1 1 1 1 0 1 1 0 1 0
double 53 3.81 8.76 4.32 4.94 3.57 7.43 2.54 8.45 5.42 1.55 8.84 7.35 0.26 6.73 8.84 5.25 0.55 8.35 3.22 9.63 0.14 4.15 1.29 8.37 4.22 0.43 0.39 1.94 6.04 9.61 1.34 1.67 8.31 8.9 5.02 6.74 7.61 6.14 7.96 8.66 8.95 0.63 1.36 4.53 5.66 5.38 0.68 2.24 2.6 3.54 2.69 9.57 4.26
int 53 50 60 82 38 78 83 12 55 51 75 58 37 52 27 23 57 20 1 34 79 91 43 55 21 77 25 78 43 29 60 89 90 70 29 30 1 35 17 98 6 99 95 10 85 55 28 40 61 56 13 98 84 89
int 54 13 12 21 73 92 11 4 49 36 49 26 87 36 66 74 33 28 35 71 25 11 15 51 7 58 25 58 39 73 16 69 42 12 71 74 56 72 35 75 89 58 62 90 51 25 32 53 98 2 63 79 65 82 62
double 54 3.64 3.55 9.06 7.82 2 0.22 0.17 6.27 4 5.14 3.26 6.01 6.79 8.33 4.74 8.27 5.3 5.33 6.22 2.24 9.57 2.58 9.82 4.48 0.37 1.53 0.02 8.59 0.32 5.33 6.93 7.15 3.55 4.43 1 7.87 9.59 0.84 8.64 9.76 8.07 9.92 5.67 8.45 9.46 2.97 4.52 3.95 4.21 9.16 2.13 6.12 9.15 1.09
double 56 2.72 9.58 3.87 0.95 2.21 7.7 5.34 2.69 0.15 3.26 0.32 7.6 8.46 3.29 7.06 4.02 5.22 2.18 2.42 2.78 2.88 5.85 0.85 9.97 2.02 4.5 0.9 4.48 6.79 7.66 1.15 7.41 6.5 5.78 8.46 5.43 8.71 7.8 2.59 0.81 0.61 2.52 3.52 2.28 3.95 5.76 4.39 6.91 7.77 1.21 6.06 9.74 8 3.82 4.58 0.65
int 57 91 70 73 94 29 38 84 85 6 93 68 15 89 72 29 77 27 89 97 70 71 19 66 14 54 28 83 27 74 47 90 20 9 62 2 88 28 32 30 7 9 20 57 93 58 43 5 25 98 74 95 63 64 2 6 64 9
double 57 1.83 7.02 4.8 4.41 3.49 9.45 4.2 4.2 2.9 8.15 5.53 9.52 1.2 7.76 7.72 8.82 0.57 7.44 6.87 7.42 3.33 2.2 8.84 1.45 7.44 4.67 7.27 4.58 0.24 7.79 6.52 1.85 6.12 5.85 1.96 3.44 6.37 0.91 3.96 7.86 6.79 9.15 0.84 7.91 4.09 8.99 3.19 9.53 5.06 5.77 6.07 8.41 0.84 3.36 6.76 0.47 4.08
bool 60 1 1 0 1 0 0 1 1 1 1 1 1 0 1 0 0 0 1 1 1 0 1 0 0 1 0 0 1 1 1 1 0 1 1 0 0 1 1 1 0 1 0 1 1 0 1 0 1 0 1 1 1 1 0 1 0 1 1 1 1
double 60 0.43 2.67 3.46 4.57 9.8 7.23 6.59 2.96 8.76 2.29 4.44 6.14 1.67 6.18 9.92 9.82 0.35 0.84 0.52 1.11 6.58 1.43 7.07 8.64 3.44 1.67 5.77 1.99 3.2 9.81 8.95 7.77 9.64 0.03 5.63 8.83 6.91 1.77 1.26 6.7 0.87 2.21 5.76 3.73 8.3 7.07 7.88 5.21 6.21 2.99 5.81 2.19 3.69 7.32 6.8 9.68 3.93 5.27 2.75 9.35
bool 62 1 1 1 0 0 1 0 1 1 0 1 1 1 0 1 1 0 1 0 0 0 1 1 0 1 1 1 0 1 0 0 1 1 0 0 1 0 0 0 0 1 1 0 0 1 1 1 0 1 1 1 1 1 0 0 0 0 1 1 0 1 0
char 63 h q a b l n k m o n g h r a q q c n t c f r q p h d k t i n l h c r f l c j d a o d c c l r l c e p s t g t f d q d n l j b s
bool 63 1 1 1 1 1 1 1 0 0 0 1 0 0 1 1 0 0 0 1 1 0 1 0 0 0 0 1 0 0 1 1 1 0 0 1 1 1 1 0 1 0 1 0 0 1 1 0 1 0 0 1 1 0 0 1 1 1 1 0 0 1 1 1
bool 64 0 0 0 0 0 1 1 0 0 0 0 0 1 1 0 1 0 0 0 0 1 0 1 0 1 0 0 1 1 1 1 1 0 1 0 0 0 1 0 0 1 0 1 0 0 0 1 1 1 1 0 1 0 0 1 1 1 1 0 0 1 1 0 1
char 65 c l i n p c n s s q i n g e b t o k q a k e g t m e s p r j s o a m b l d i i t j e k f e t g i b q t j s o k j f q m t k c i g q
bool 66 1 0 0 1 1 1 1 1 1 0 0 0 1 1 0 1 0 1 0 0 0 0 0 0 1 0 1 1 1 1 0 1 0 0 1 1 1 0 0 1 1 0 0 0 1 0 0 1 1 1 1 1 1 0 1 1 0 1 0 1 0 0 1 0 1 1
bool 67 0 1 0 1 0 0 0 0 0 0 0 0 1 0 1 0 1 0 0 1 0 0 1 0 0 0 0 1 1 0 1 0 0 0 1 1 1 0 0 1 0 1 0 1 1 1 1 1 0 1 0 1 1 0 1 1 0 0 0 0 1 1 1 0 1 1 0
bool 68 0 1 1 0 0 0 0 0 0 0 0 0 0 1 0 0 0 0 1 1 0 0 1 0 1 0 1 0 1 1 1 1 1 1 1 0 0 0 0 0 0 0 1 1 1 0 0 1 1 0 0 0 0 1 1 0 0 1 1 1 1 0 0 1 1 0 1 1
double 70 5.64 9.87 2.01 0.56 5.35 1.55 8.86 2.28 9.06 4.05 6.13 5.08 2.81 3.43 8.85 3.72 9.24 0.76 2.09 3.86 1.09 7.4 8.01 3.96 2.29 4.83 6.56 1.12 2.85 3.45 1.89 7.56 8.41 3.38 8.39 6.53 8.79 6.1 2.75 4.76 4.65 7.9 9.96 6.29 1.34 5.9 6.8 9.72 1.83 9.61 4.13 1.38 1.18 9.25 9.49 9.22 5.58 8.12 4.02 2.86 8.5 7 8.91 6.84 1.71 2.88 6.04 8.88 0.18 9.17
bool 70 0 1 0 1 1 1 1 1 0 0 1 1 1 0 1 0 1 1 0 1 0 1 1 1 0 0 0 0 1 1 1 1 1 1 0 1 0 1 0 1 1 0 1 1 0 0 0 0 1 1 1 1 1 1 1 0 1 1 0 0 1 0 1 1 0 0 1 0 1 0
char 71 m k k g e s r e p p s e p k a c a s l i i k b h e d k a j a j i j i n r f c p i i g p e r r p g q b p l g i d d i o h c c j c i q f p l f t l
bool 71 1 1 1 0 1 1 1 0 0 0 1 0 0 0 1 0 0 0 0 1 0 1 0 0 0 1 1 0 1 0 0 1 1 1 0 1 0 1 1 0 0 1 0 1 1 0 1 0 1 0 1 1 1 1 0 1 0 1 1 0 1 1 1 0 0 0 1 0 1 0 1
char 71 k f s c r k n b c j c l g m e g t h a c l k i o o j g e a h n h t m h o r f t j l d o h n q a l e i n s b f m m d a o j n s o f t a s p b t j
int 73 88 40 99 42 11 29 52 70 90 21 86 75 47 81 27 61 14 72 86 35 72 26 99 83 83 21 37 37 75 17 62 94 11 28 9 72 52 6 73 67 26 90 19 85 42 31 28 68 16 70 18 36 48 70 90 96 55 1 30 95 35 28 83 26 74 59 72 49 6 44 20 31 68
bool 73 1 0 1 1 0 0 1 1 0 0 0 1 0 0 0 0 0 1 1 1 0 0 1 1 0 0 1 1 0 0 0 1 0 1 0 1 1 1 1 1 1 1 1 0 1 0 0 0 0 1 1 1 1 0 0 1 0 0 0 1 0 0 1 1 0 0 1 1 1 1 1 0 0
int 75 10 71 39 78 50 3 88 57 1 7 28 9 15 64 33 90 15 17 75 71 69 80 44 83 23 86 66 35 83 5 81 23 97 55 38 42 89 14 32 74 42 60 80 14 30 34 85 75 96 50 44 6 49 79 72 96 92 95 2 30 13 88 26 27 21 84 41 96 30 43 72 37 86 23 26
bool 76 1 1 1 0 1 1 1 0 1 1 1 1 1 0 1 1 1 0 0 0 0 0 1 0 1 1 0 0 0 1 0 0 0 1 0 1 1 1 1 0 1 1 1 1 1 1 0 1 0 0 1 0 0 1 1 1 0 1 1 1 0 0 0 0 1 1 1 0 1 1 0 1 0 0 1 1
char 76 n p c n t k l c l h i q r p a m g a r l h e m l j e c p n e g i n t c a h s t m n k p d c q i c t b i g n t b q j d q i o k n s i s q r i a m s d e o k
double 78 3.13 6.43 3.59 4.04 8.43 2.86 4.86 6.32 9.01 2.35 1.49 2.54 1 0.37 1.27 5.82 5.96 7.43 2.48 8.51 8.85 4.31 0.17 6.92 1.48 6.45 3.21 3.77 3.15 9.25 2.35 7.22 0.89 5.83 7.15 2.88 1.71 1.13 9.55 8.63 1.28 2.09 1.7 9.67 9.93 1.02 9.23 2.66 1.77 0.77 1.62 1.06 7.79 0.05 1.05 1.82 7.78 8.17 0.34 0.31 4.88 4.69 6.65 3.17 5.91 5.69 0.99 3.01 7.76 7.14 8.21 6.09 3.16 6.25 4.4 2.17 2.74 1.94
double 79 9.54 2.48 2.5 8.8 7.95 0.61 7.76 0.08 7.08 8.84 4.56 2.73 2.01 3.89 0.27 1.51 0.78 5.27 1.72 5.25 1.36 7.8 8.38 4.71 2.51 0.65 4.53 7.72 9.57 7.62 1.18 8.88 7.24 4.32 6.98 6.63 1.96 2.88 9.12 5.44 8.91 9.58 7.56 9.58 2.86 8.9 0.89 5.76 1.1 5.55 8.54 4.81 8.33 4.96 2.21 1.7 0.7 0.92 9.98 4.25 9.79 8.43 5.4 9.57 7.21 2.6 6.27 1.01 0.54 1.88 5.6 3.33 3.95 9.66 2.16 2.73 5.25 7.14 1.66
double 81 2.95 1.73 2.52 9.93 4.26 4.3 8.41 8.01 3.65 5.79 6.65 4.39 3.24 6.49 7.47 4.68 2.15 6 9.39 8.12 9.81 0.59 7.13 5.4 5.93 7.27 6.12 2.53 4.5 1.18 1.63 4.37 4.8 4.43 1.1 4.05 7.19 8.54 1.01 7.55 5.83 4.06 8.57 5.32 6.69 8.43 4.96 5.69 3.6 3.92 8.12 2.25 9.84 8.31 1 0.57 0.45 5.63 8.55 0.89 6.91 2.02 1.58 6.55 2.03 3.41 0.95 1.79 2.55 2.6 4.46 7.99 2.43 3.67 2.69 5.71 0.27 9 6.61 1.49 2.92
double 82 9.05 0.76 4.03 3.49 8.44 2.87 4.19 6.37 4.6 8.26 5.99 3.3 4.41 2.91 0.32 1.81 1.14 7.01 7.26 0.61 9.39 9.22 5.76 6.81 0.77 1.14 0.25 5.49 9.06 6.9 6.99 9.49 2.58 5.21 0.55 4.59 1.38 9.96 8.38 2.58 1.26 0.97 6.06 3.31 2.67 6.29 5.82 5.72 6.33 3.28 5.81 5.2 9.98 3.17 7.34 9.34 9.43 4.96 4.19 9.37 3.62 3.88 4.24 0.3 9.3 7.79 8.07 5.18 4.53 0.58 8.65 1.73 1.4 5.93 2.79 1.53 9.12 0.02 8.45 2.58 7.2 1.08
bool 82 0 0 1 1 1 1 0 1 1 0 0 1 1 1 1 0 1 0 0 0 1 1 1 1 0 0 0 0 1 1 1 0 0 1 1 1 1 0 0 0 0 0 1 0 1 1 0 0 1 1 0 0 0 1 0 1 0 1 0 0 0 0 1 0 0 0 0 0 1 1 0 1 0 0 0 0 0 0 1 1 0 1
int 85 79 58 99 30 99 2 7 77 5 21 28 6 77 43 39 37 60 4 63 3 98 61 84 34 74 23 58 7 93 61 56 64 15 37 53 75 12 18 90 60 69 34 84 91 52 37 54 89 82 83 43 88 26 33 71 31 14 78 55 22 75 15 35 81 31 63 55 43 98 22 34 86 67 7 38 37 52 76 77 10 13 76 5 3 21
double 85 2.41 4.77 1.98 8.04 4.21 5.39 3.5 2.9 8.31 8.33 9.22 5.93 5.82 9.92 3.05 8.23 4.15 0.96 3.05 8 6.93 7.69 5.94 3.66 5.07 0.3 8.66 0.65 1.24 4.81 6.5 2.63 8.96 7.29 2.94 1.52 8.54 2.99 2.76 9.32 5.07 2.22 5.81 5.05 5.43 0.53 7.22 8.23 4.36 6.82 6.44 8.81 2.75 9.56 7.55 8.23 7.18 3.95 0.15 2.32 9.71 5.27 9.72 6.71 2.13 8.92 0.29 6.56 2.38 1.88 1.64 5.69 4.85 2.31 4.65 7.83 6.2 6.41 8.77 2.24 1.44 0.61 0.95 1.44 6.13
char 86 r j m a h f n i i p q f a m b i j o k l h h i q k p k n b i h r d m l d o b f o k r n h d k j d j b t n q c a d i m g h k q h d i g o f q t r q r h i e r p f h c k j h g s
double 87 1.55 2.28 9.3 2.23 2.14 7.68 4.32 7.85 7.25 2.2 1.01 6.74 5 6.97 9.7 1.27 4.43 9 0.17 2.98 2.82 6.13 7.9 9.43 2.73 4.3 2.86 1.99 4.89 7.15 4.67 2.54 9.69 0.44 4.38 7.82 6.62 5.66 0.49 2.85 4.99 8.62 6.82 3.59 9.01 5.21 6.27 0.67 1.32 8.2 8.18 9.8 6.13 8.93 4.98 9.64 5.66 7.26 3.17 1.57 0.26 7.47 6.77 4.24 6.02 7.6 7.91 5.64 4.78 8.66 8.22 2.18 9.98 2.73 6.43 5.6 9.51 0.31 6.92 8.28 7.38 9.29 5.11 1.02 3.25 2.33 8.33
double 89 7.72 1.38 7.16 8 5.93 6.68 0.66 4.97 1.22 7.15 1.96 8.55 3.4 3.94 8.98 4.55 1.54 3.25 0.93 1.54 0.52 1.69 1.03 3.9 1.25 1.8 3.1 8.4 6.41 1.99 2.62 4.65 8.47 9.54 0.77 6.72 8.38 4.41 9.2 6.48 8.35 3.28 9.07 3.76 3.9 5.7 6.54 6.63 1.49 9.91 9.75 9.49 2.23 2.21 9.55 5.15 3.44 8.8 8.18 4.15 0.21 7.28 5.41 1.68 3.45 1.21 8.07 5.7 9.72 7.68 9.38 3.09 6.68 2.79 7.25 0.65 1.03 3.99 5.17 0.95 5.44 1.22 6.4 1.91 3.2 4.37 4.18 2.12 2.6
int 92 3 58 26 91 67 27 49 62 35 44 66 69 88 81 52 20 35 4 56 82 3 77 36 44 53 55 46 10 2 92 45 42 31 26 60 83 64 7 72 64 25 90 30 45 93 99 18 99 33 26 79 45 7 89 15 20 25 48 64 19 38 11 30 35 26 81 76 6 32 25 43 80 47 5 65 26 38 7 24 74 97 71 47 4 3 29 26 8 1 57 91 94
int 94 67 77 6 99 35 12 11 21 22 81 79 13 24 10 63 97 33 28 4 90 21 87 90 64 99 93 52 71 63 3 31 29 60 12 77 22 68 59 48 75 94 58 84 46 6 72 13 1 39 10 58 53 23 37 7 87 50 34 56 44 39 8 28 88 41 36 26 77 29 39 15 68 46 49 9 14 51 24 4 1 19 68 91 52 75 54 99 55 47 18 40 86 29 9
char 95 i q j r f c g t t f j p j c r l p c c s c c l d d n e h m t d e p g b a e n f b t i r i m m r g k g p f a p l c m c t b p f t b k p a c a t s p d a a c c b q j f g c e n j a o k r p s i e h
bool 96 0 1 0 0 1 1 0 1 0 1 1 1 0 1 1 0 0 0 1 1 1 1 0 0 0 0 0 1 1 0 0 0 0 1 1 0 1 0 0 0 0 0 0 0 0 1 1 1 0 1 0 1 1 1 1 0 0 1 1 0 0 0 1 0 0 1 1 0 0 1 1 0 1 0 0 0 1 1 1 0 1 0 1 0 1 0 1 1 1 0 0 0 1 0 0 1
char 98 n c f k f a m h b i i k g d p s b e t r f r i n k i l a s t m m g o m s b b n n p t p g e d f m o g n n q n a g f e f t b t b k q r k p e b o p d o g a a o f b q b t j h l b g s t d r f f s l f m
int 98 94 55 61 67 50 59 95 46 97 19 2 93 62 48 30 19 40 25 48 32 5 81 13 36 9 19 54 15 52 83 11 62 84 42 96 76 81 79 72 72 30 51 70 48 11 88 47 64 72 11 83 93 99 47 88 60 40 93 55 83 69 9 13 57 63 77 82 1 42 73 72 87 97 71 80 17 32 32 89 30 35 99 27 45 88 82 75 37 43 64 34 38 89 26 36 66 66 44
char 99 p d s o q t p a a a j b e i b t j g r i g j r n g j s f m h b t c d t c d s e s c p e e p i l j a p o s t r k o r d b g l p t r s m b f k i b f c n j m s k r n b t g c a b q p o d f k p s k c q j f
bool 101 0 1 1 1 0 0 1 0 0 1 0 0 1 0 0 1 1 1 0 0 0 1 1 0 1 0 0 0 0 1 1 1 1 0 1 1 1 0 1 0 0 1 0 0 0 1 1 0 0 1 1 0 1 0 1 1 0 1 0 0 1 1 0 1 1 1 1 1 1 1 0 0 0 0 0 1 0 0 0 0 0 0 1 1 0 0 1 1 0 0 1 1 0 1 0 1 1 0 0 1 1
char 101 p n s t c j f e f o f b a k t e h j t t p c s s h s d o l p e g f h d e l h k o t c j d q f l i s s o d p c p l i p e c i p c f j o p j d i a d k b i h f k n c i q e i a l a a m h m p m n t b d r e m b
char 103 j d d d n e e c r j n m l r g d m d n l l m q q i p n m b c a h q d j t a b h d c m q e h s j j a p f m p q m m p o q f f g k k r o t p r p s n t s l n n c l o b b e t f o o r b r t o t r t p k k s n g c t
int 103 36 72 11 6 41 79 97 36 77 36 9 20 39 15 73 53 49 60 97 4 52 16 55 24 46 51 36 12 96 2 88 20 6 47 50 65 69 93 57 49 55 65 83 47 93 52 18 34 71 67 89 11 61 59 98 63 68 20 49 90 22 55 47 86 96 37 88 31 94 80 3 59 97 31 32 40 89 23 58 41 89 42 23 35 16 25 99 39 60 11 36 13 28 52 34 86 96 53 81 51 33 17 6
char 103 k f p c m k n j o d n q j k a e k n g e s c a j r s b c o r t l m d q k f g f k t q c e j g g h e s a i t s s e o b g l j e e r n o t s b i b c a m s b d o l r f p b d l q s o o d c a j o l l d g c p i t e
char 104 h j g k n g a j g o j f d n o h b m d d q l s i e i e e g k s o l m b r l t j k q n c l q o s b f f f a e s j d i i l r a f r j p b i j b l p p t j k a g f c p c l r r t b b s a l b h l r h e i h r m p t e o
double 104 4.49 2.36 2.51 4.59 8.76 5.17 4.7 3.42 6.86 5.91 9.48 2.03 6.5 7.45 0.88 4.11 7.14 9.25 5.44 8.83 7.48 7.34 6.7 9.38 5.18 7.46 6.08 1.43 7.1 8.48 0.16 3.59 4.53 1.24 1.33 5.85 8.67 0.77 5.67 9.3 1.56 4.07 0.39 1.49 0.74 4.74 6.33 8.24 7.51 0.61 9.63 1.23 6.3 5.02 9.22 1.4 9.38 3.47 3.62 5.42 6.96 0.61 9.45 9.85 9.08 1.21 3.69 7.05 6.72 1.47 6.08 4.04 5.74 9.79 9.8 5.01 6.3 0.06 1.18 6.83 2.36 8.06 4.38 6.62 8.47 1.82 7.48 5.18 5.13 0.95 0.33 6.65 6.59 6.25 4.47 5.44 4.31 2.95 9.8 8.73 4.17 6.66 1.54 1.78
int 106 82 17 61 54 42 65 49 37 66 37 97 44 84 81 49 97 45 55 75 78 58 1 3 91 65 37 90 42 43 43 21 78 45 35 21 49 50 66 11 32 82 56 80 33 78 39 31 45 71 98 32 84 52 72 12 19 98 96 71 69 39 53 91 45 81 79 55 31 7 34 81 51 79 70 85 41 18 94 53 88 27 6 72 71 11 23 83 87 40 57 33 54 2 54 56 73 6 33 64 13 41 56 99 69 61 14
bool 107 0 1 0 0 0 1 1 1 0 1 0 0 0 0 0 1 1 1 0 1 1 1 0 1 0 0 0 1 1 1 1 1 0 0 0 0 0 1 0 1 0 0 1 1 1 0 0 1 1 0 1 1 1 1 1 0 0 1 1 1 0 1 0 0 0 0 0 0 0 0 1 0 0 0 1 0 1 0 1 1 1 1 1 1 1 1 1 1 1 0 1 0 1 1 0 1 0 0 0 0 0 1 1 0 1 0 0
int 107 90 37 61 86 7 21 32 45 18 70 94 28 15 68 10 7 1 5 23 4 3 94 7 91 32 21 64 12 48 25 28 70 9 95 72 19 96 67 66 61 76 12 71 78 21 85 40 71 16 66 59 9 4 49 61 68 66 21 69 24 14 52 41 42 54 24 2 52 47 92 37 47 61 69 90 82 74 19 72 53 97 37 17 45 90 11 22 2 96 79 15 36 49 29 28 91 83 77 13 22 34 35 17 10 64 68 43
