int 10 (52 52 6) (70 69 73) (10 1 15) (22 29 51) (5 39 13) (35 41 83) (65 88 4) (31 40 9) (96 24 16) (31 16 45)
bool 11 (1 1 0) (0 0 1) (1 0 0) (1 1 1) (1 0 0) (1 1 1) (0 1 1) (1 0 0) (0 0 0) (1 1 0) (0 1 0)
int 11 (65 42 46) (75 77 58) (95 70 39) (92 67 85) (39 61 87) (83 14 26) (5 54 16) (90 95 37) (88 80 90) (28 21 34) (92 32 63)
int 12 (99 91 73) (63 33 52) (55 83 89) (73 5 52) (85 6 67) (15 36 70) (82 15 50) (26 65 90) (32 55 13) (46 19 29) (99 22 5) (47 49 66)
int 15 (66 32 24) (63 71 6) (78 31 9) (90 95 11) (76 6 93) (30 79 2) (85 95 68) (97 26 58) (6 4 66) (94 69 45) (2 70 14) (52 54 27) (65 51 91) (39 99 15) (63 53 19)
bool 15 (1 1 1) (0 1 0) (0 0 1) (1 0 1) (0 1 0) (0 1 1) (1 0 0) (0 0 0) (1 1 1) (0 1 0) (0 0 1) (1 1 1) (0 0 0) (1 1 1) (0 0 0)
int 16 (35 75 5) (71 99 74) (29 95 96) (37 68 1) (51 13 94) (15 8 25) (33 43 58) (66 9 6) (24 4 49) (34 67 91) (25 83 86) (13 21 67) (67 52 3) (40 14 25) (49 78 43) (33 55 49)
char 16 (n c l) (a f p) (b e o) (h i i) (f i s) (o d b) (m e p) (j q e) (s h p) (h d q) (d q r) (g c r) (c q d) (b b o) (i e p) (h d r)
char 17 (e i h) (b a c) (e f j) (d p i) (s h j) (o b r) (r a j) (m c d) (c b m) (h h i) (h n m) (b d m) (h k f) (k t d) (f o r) (s n a) (o l r)
int 18 (94 79 41) (78 96 92) (42 43 75) (38 15 47) (36 97 29) (76 39 27) (85 28 58) (95 12 95) (28 37 67) (44 88 47) (46 37 99) (10 66 11) (71 94 65) (38 27 8) (61 60 33) (16 49 12) (21 80 82) (15 38 41)
int 18 (84 59 21) (18 79 67) (50 66 61) (29 89 17) (76 89 67) (14 27 71) (12 95 96) (60 87 66) (10 69 48) (5 44 53) (8 13 46) (35 96 68) (29 98 82) (9 70 78) (80 84 75) (45 56 94) (64 33 53) (38 30 18)
double 18 (5.97 4.81 0.19) (6.23 6.75 3.21) (9.49 6.1 0.49) (6.42 7.1 8.56) (2.5 0.2 7.88) (3.17 7.84 3.38) (9.02 3.31 2.46) (6.19 1.04 4.72) (4.97 0.15 8.11) (0.79 1.52 0.56) (2.93 6.31 7.54) (2.29 5.7 5.99) (7.83 4.91 4.56) (1.88 7.29 2.75) (1.67 8.24 8.36) (5.59 7.39 1.38) (1.51 0.96 1.56) (6.41 1.73 0.59)
double 20 (8.02 9.9 8.55) (4.64 0.57 8.6) (0.68 6.62 7.85) (9.02 1.33 4.76) (8.28 8.26 8.96) (4.37 9.85 6.74) (2.09 3.31 3.15) (1.9 5.21 6.46) (2.03 6.65 7.45) (1.78 8.05 6.36) (7.55 1.97 0.21) (5.27 4.87 4.76) (7.05 0.66 8.44) (1.09 9.48 7.57) (2.23 2.81 5.58) (0.59 0.68 3.13) (8.99 7.68 0.93) (0.19 6.57 0.91) (3.19 6.27 0.82) (2.33 2.25 1.64)
int 21 (46 52 23) (77 7 99) (6 75 57) (57 97 88) (43 78 31) (95 8 34) (95 67 92) (60 63 93) (52 23 26) (5 62 19) (33 61 41) (56 24 42) (20 49 26) (23 5 99) (69 68 29) (20 3 18) (44 74 75) (9 62 10) (61 85 82) (54 63 32) (14 82 76)
double 22 (7.42 2.47 9.39) (9.84 5.11 7.43) (8.32 2.08 7.01) (5.81 5.41 6.36) (3.83 5.56 8.14) (7.32 1.69 8.31) (3.32 1.54 7.16) (8.6 8.15 7.87) (5.16 9.01 8.07) (4.76 9.84 9.81) (2.74 7.66 8.04) (5.12 2.98 4.04) (4.5 7.18 4.45) (6.85 0.86 8.07) (8.61 5.84 3.5) (4.58 8.98 4.3) (7.8 9.25 8.02) (5.66 9.97 0.73) (9.31 0.72 0.5) (2.31 7.62 1.29) (5.74 1.66 6.18) (2.91 8.05 8.26)
char 22 (f p r) (m i j) (m n l) (g s o) (k m f) (i t p) (d j d) (f c s) (g f r) (p s e) (c l b) (h b a) (i q l) (n h j) (f l e) (h l q) (g s t) (s j c) (f b c) (e a s) (e t o) (e p r)
bool 23 (1 1 1) (0 0 0) (0 1 0) (1 0 1) (1 1 1) (1 0 0) (1 0 0) (1 0 0) (1 1 1) (1 1 1) (1 0 0) (0 0 0) (0 1 0) (1 1 1) (1 0 1) (0 0 0) (0 0 1) (0 1 1) (0 1 1) (0 0 0) (1 0 1) (0 1 1) (0 1 1)
double 23 (4.56 9.93 1.65) (5.28 8.99 7.61) (5.55 9.42 4.07) (0.44 4.29 8.48) (6.75 8.24 1.1) (1.28 7.47 1) (3.68 3.86 5.25) (7.16 0.54 0.71) (0.09 8.04 8.05) (6.55 4.27 9.06) (0.17 8.42 8.72) (6.95 1.32 9.24) (8.43 5.78 3.18) (7.88 4.43 6.07) (8.43 7.88 0.61) (5.95 2.85 9.63) (5.64 0.19 8.1) (1.38 3.59 7.68) (2.57 2.04 8.76) (3.05 6.15 7.25) (2.57 5.45 2.35) (4.21 2.67 5.59) (7.14 8.63 7.13)
bool 23 (0 0 1) (1 0 1) (1 1 1) (0 1 0) (0 0 0) (1 1 1) (0 0 1) (0 1 0) (1 1 1) (1 1 0) (1 1 0) (1 1 1) (0 1 1) (1 0 0) (1 1 0) (0 1 0) (0 1 0) (1 0 0) (1 1 1) (0 0 0) (1 1 1) (0 0 1) (1 1 0)
int 25 (86 19 64) (5 28 83) (99 72 34) (31 93 9) (80 3 91) (23 13 89) (17 53 64) (74 88 12) (82 40 8) (94 62 76) (74 18 87) (51 70 87) (6 19 19) (34 98 94) (63 35 60) (40 23 73) (32 35 21) (54 13 88) (74 97 51) (94 47 56) (94 50 31) (2 38 51) (7 45 59) (55 51 26) (39 76 68)
char 27 (g r r) (g d o) (r g c) (l p s) (p m h) (t i k) (p n c) (p c o) (o n n) (m q b) (p e t) (m i o) (n b l) (i i i) (r m o) (c j p) (q k i) (t n i) (c g f) (i o i) (e p k) (q o j) (a i k) (n a g) (j f e) (d i a) (o t s)
bool 27 (0 1 0) (0 0 0) (1 1 1) (0 1 1) (0 1 0) (1 1 0) (0 0 0) (1 0 0) (1 1 0) (0 0 1) (0 1 1) (0 0 0) (0 1 1) (0 0 1) (1 1 1) (0 0 0) (0 1 0) (1 1 1) (1 1 0) (0 1 0) (0 0 0) (1 0 1) (1 0 1) (1 0 1) (1 0 0) (0 0 0) (0 0 0)
double 28 (0.15 6.98 0.76) (2.15 8.27 1.3) (9.07 4.77 9.44) (4.32 5.98 7.97) (0.71 0.71 2.8) (7.1 5.61 4.24) (9.73 6.74 7.61) (8.78 1.4 1.21) (3.38 1.07 6.24) (3.86 3.44 9.47) (2.49 0.89 2.2) (2.9 2.21 1.1) (8.85 1.24 8.36) (7.31 9.67 9.54) (7.16 8.88 3.46) (6.18 0.92 1.98) (9.44 3.3 9.8) (2.92 0.45 5.22) (1.96 5.29 0.42) (2.75 3.07 0.7) (6.41 6.27 9.75) (4.32 8.57 8.42) (4.8 3.89 9.67) (0.48 2.2 9.34) (8.32 5.24 4.86) (3.17 6.94 1.87) (5.86 9.87 7.28) (3.71 4.79 5.65)
int 28 (29 90 93) (46 14 60) (62 46 16) (57 2 73) (88 78 37) (71 83 25) (9 70 76) (50 93 42) (68 74 21) (29 20 85) (63 20 45) (56 5 60) (58 5 90) (82 40 30) (74 96 86) (68 36 44) (8 41 16) (19 24 96) (47 2 97) (54 98 66) (60 86 49) (17 62 88) (21 7 25) (95 69 11) (89 40 61) (6 37 62) (68 88 2) (36 67 18)
double 28 (4.33 3.7 8.07) (8.51 5.06 7.8) (0.32 0.39 5.81) (8.4 5.92 3.27) (3.59 6.44 0.12) (2.23 9.44 2.38) (9.1 5.54 4.18) (3.69 9.09 7.98) (7.72 6.48 5.9) (0.29 0.98 0.16) (6.74 2.4 6.88) (8.73 5.83 0.01) (4.87 0.26 5.44) (5.77 8.14 8.82) (7.05 8.52 0.34) (1.58 8.49 8) (1.28 8.28 6.43) (0.64 0.27 1.43) (5.2 0.35 7.66) (5.4 7.4 6.33) (3.61 2.11 3.67) (0.43 1.46 4.78) (8.66 0.06 4.75) (9.92 8.01 4.97) (6.56 7.73 1.01) (3.95 9.24 0.43) (3.44 8.55 4.13) (1.59 0.17 8.43)
bool 29 (1 0 1) (1 1 1) (0 0 1) (0 1 0) (1 1 0) (0 0 1) (1 1 0) (1 1 1) (0 0 1) (1 1 1) (1 1 0) (1 1 1) (1 0 0) (0 0 1) (1 1 1) (0 1 1) (1 0 1) (0 0 0) (1 0 0) (1 1 0) (0 1 1) (1 1 0) (1 1 0) (1 0 0) (1 0 0) (1 0 0) (0 1 1) (0 0 1) (1 1 1)
char 31 (m o j) (i l e) (p n h) (d k k) (e t o) (p n c) (o c q) (c g j) (t s d) (b s i) (f r e) (o b t) (h c k) (o q c) (k m g) (q g i) (a l t) (j t j) (g d q) (p i n) (g i e) (g t n) (e l r) (k m d) (m q a) (a t g) (t h d) (j t r) (c p t) (a g k) (t h j)
bool 33 (0 1 0) (0 0 1) (1 0 0) (1 1 0) (1 1 1) (0 1 0) (0 1 1) (1 0 1) (0 0 0) (0 1 1) (0 0 1) (1 1 1) (0 0 1) (1 0 1) (0 0 1) (1 0 1) (0 1 1) (1 1 0) (0 0 1) (0 1 1) (0 1 0) (0 0 1) (0 0 0) (1 1 0) (0 1 1) (1 1 0) (1 1 1) (0 1 1) (0 1 1) (0 1 1) (0 0 0) (1 0 0) (1 1 0)
int 33 (34 79 78) (6 10 58) (28 57 16) (91 99 30) (11 1 62) (78 45 43) (11 64 27) (52 4 95) (68 11 44) (98 32 58) (25 82 24) (89 89 70) (10 11 38) (17 42 75) (79 74 76) (55 27 83) (31 45 60) (92 48 26) (13 31 19) (17 75 51) (12 45 50) (20 6 96) (83 19 21) (9 56 97) (92 62 32) (21 24 70) (47 12 4) (21 43 59) (31 10 96) (22 73 85) (29 94 9) (68 68 68) (75 26 78)
char 34 (h n o) (b t e) (p o t) (l e q) (e o b) (d r s) (i a n) (k c e) (q l b) (r l h) (b g f) (h s l) (k o i) (m k f) (g r a) (e n f) (l j p) (a c f) (g r h) (m e b) (c k h) (h h f) (b l q) (a i r) (n f e) (i c n) (k i f) (i p d) (l r o) (k n d) (a d k) (b r i) (d n p) (l l p)
char 36 (g g g) (c k b) (g f e) (t t o) (j s n) (d a m) (i t s) (g c o) (r h j) (j n j) (m d q) (m b d) (e t q) (o l e) (q k a) (d e h) (g i d) (i j b) (o p h) (d q t) (j o h) (b o o) (p r b) (d e h) (c o h) (p r o) (r c l) (j h m) (l c c) (m a g) (t r g) (a k b) (c s n) (j g d) (b g j) (q m d)
bool 37 (1 0 0) (0 0 1) (1 1 0) (1 1 1) (0 0 1) (1 0 1) (1 1 1) (1 1 0) (1 1 0) (1 1 0) (1 1 1) (0 0 0) (1 1 0) (1 0 0) (1 0 1) (1 0 0) (1 1 0) (0 0 0) (1 1 0) (0 0 1) (1 0 1) (0 1 0) (0 1 0) (1 0 0) (0 1 0) (1 1 1) (1 0 1) (1 1 0) (1 0 1) (0 0 0) (1 1 0) (1 1 1) (1 1 1) (1 0 1) (1 1 0) (0 0 1) (1 0 0)
bool 39 (1 1 0) (0 0 1) (0 1 1) (0 0 1) (1 1 1) (0 0 0) (0 0 0) (0 0 1) (1 1 1) (0 0 1) (1 0 0) (1 0 0) (1 0 1) (0 1 1) (0 1 0) (0 0 1) (0 0 1) (1 1 1) (1 1 1) (0 0 1) (1 1 1) (0 0 0) (0 0 0) (1 0 0) (1 0 1) (0 0 0) (0 1 1) (1 0 0) (0 1 1) (1 0 1) (0 0 1) (1 1 1) (1 1 1) (0 1 1) (0 1 1) (0 1 0) (1 0 1) (0 0 1) (1 1 0)
char 41 (k t c) (f l i) (e d l) (s q b) (m b j) (f i e) (p p r) (b i p) (j h s) (c f r) (r k t) (k p g) (l r p) (a l q) (b r f) (g j r) (d j j) (k h p) (f m d) (s r a) (g r l) (g d b) (i n e) (j c d) (n r i) (a l m) (b c b) (r e m) (s a p) (a g h) (q s m) (e k d) (b h f) (t o d) (o f l) (g p f) (d e j) (i h c) (q i i) (n s r) (f s d)
int 42 (40 76 46) (63 89 32) (53 28 47) (78 41 29) (17 71 67) (50 60 37) (46 25 72) (96 58 68) (19 47 36) (8 82 28) (3 27 10) (67 70 25) (28 17 26) (53 17 61) (92 65 53) (69 57 53) (2 12 10) (86 67 6) (79 39 87) (2 97 80) (64 50 35) (74 37 56) (88 4 90) (90 25 51) (86 81 8) (21 25 16) (75 46 41) (59 85 21) (1 19 31) (9 48 88) (68 28 7) (39 34 84) (76 9 74) (64 30 11) (60 65 86) (63 57 11) (94 31 5) (73 96 21) (20 78 63) (31 60 43) (53 41 78) (75 2 90)
char 42 (o h o) (n n j) (a h g) (c e r) (s t c) (j a j) (q q m) (o l i) (n c d) (m l j) (f t j) (k q m) (b n j) (q i j) (e g l) (g c f) (g p r) (t s s) (q c q) (m g l) (g r d) (p f f) (c o c) (m s n) (a p g) (m b k) (e k f) (g j h) (d l c) (t n i) (t d g) (a m k) (i s n) (r q i) (f r s) (j e c) (b h t) (d q i) (b b h) (l c l) (i r i) (q k s)
double 43 (0.59 5.84 2.99) (7.17 2.05 4.11) (7.02 7.09 6.86) (3.08 3.89 0.73) (0.56 5.32 3.97) (9.24 5.93 6.74) (2.92 7.86 7.23) (3.65 3.58 8.2) (2.66 4.76 0.64) (4.28 9.27 2.35) (1.61 7.06 1.9) (3.81 3.25 3.63) (1.05 1.42 3.45) (2.13 8.24 6.13) (3.85 6.11 9.59) (2.42 4.87 7.19) (6.05 5.58 9.56) (7.55 8.66 0.79) (6.64 5.23 5.08) (6.79 9.15 5.74) (7.1 5.58 9.02) (5.25 5.95 3.97) (2.14 3.17 9.5) (4.63 1.04 7.78) (6.16 6.83 5.65) (2.18 0.31 0.14) (9.65 0.39 8.01) (5.81 1.44 2.4) (3.97 8.38 5.81) (6.75 8.74 5.28) (3.24 4.9 9.36) (0.81 5.18 8.18) (4.57 3.56 4.45) (7.62 6.97 3.5) (5.03 6.04 7.37) (4.22 7.19 8.25) (5.29 5.81 0.32) (4.42 4.12 7.67) (9.4 9.61 2.25) (3.26 7.57 5.6) (9.73 3.64 4.53) (6.45 0.24 5.97) (4.09 0.94 1.98)
char 44 (h j h) (h i b) (d s m) (s j r) (i b c) (o d m) (m n e) (d e q) (q c j) (d m n) (k s r) (a o d) (t h q) (g k l) (p b i) (o a c) (i m f) (o j t) (b s h) (s h n) (d e d) (j i s) (e n a) (p g o) (a b o) (l a i) (c o c) (r o c) (e t d) (l d m) (g s c) (f a n) (h p l) (k m m) (h r j) (n i o) (e r j) (f l o) (n e g) (i j b) (n o n) (h p h) (r b q) (b q b)
bool 45 (0 1 1) (1 0 0) (0 0 0) (1 0 1) (1 0 0) (0 1 0) (0 0 1) (0 1 1) (1 1 0) (1 1 1) (1 1 1) (0 1 0) (0 1 0) (0 1 1) (1 0 1) (1 1 0) (0 0 0) (1 1 1) (0 1 1) (0 1 0) (0 1 1) (1 0 1) (0 1 0) (1 0 1) (1 0 0) (1 1 0) (1 0 1) (0 0 1) (1 0 1) (1 1 0) (0 1 0) (0 1 1) (0 0 0) (1 1 0) (1 0 0) (0 1 0) (0 1 1) (1 0 0) (0 0 1) (0 0 0) (1 1 1) (0 0 0) (1 1 1) (0 0 1) (1 1 1)
int 45 (3 85 72) (72 12 16) (58 64 26) (83 36 59) (58 53 98) (17 58 34) (72 77 83) (17 97 92) (47 69 25) (74 32 95) (40 6 62) (80 3 84) (19 79 50) (17 65 28) (59 92 48) (27 45 37) (62 7 72) (52 50 45) (6 99 37) (74 80 43) (93 57 92) (22 79 46) (95 14 87) (63 18 81) (12 68 37) (65 70 22) (69 83 26) (74 35 13) (93 41 73) (30 76 52) (28 40 3) (57 52 63) (38 7 45) (55 35 2) (43 55 10) (7 88 88) (30 67 16) (81 65 74) (72 94 33) (9 90 13) (95 3 69) (24 51 22) (29 53 3) (63 36 11) (8 56 52)
bool 46 (0 0 1) (1 0 1) (1 1 0) (1 1 0) (1 0 0) (1 1 1) (0 0 0) (1 0 0) (0 0 1) (1 0 0) (0 1 0) (1 1 1) (1 0 1) (0 0 1) (0 1 1) (1 0 0) (1 0 1) (0 0 0) (0 1 0) (0 1 1) (0 0 1) (0 0 0) (0 1 1) (0 0 1) (1 0 0) (1 0 0) (1 0 1) (0 0 1) (0 0 1) (1 1 1) (0 1 1) (1 0 0) (0 0 0) (1 0 0) (0 0 0) (0 1 0) (1 1 1) (0 0 1) (0 1 1) (1 1 0) (1 0 1) (1 0 1) (1 1 0) (0 0 0) (1 1 0) (0 0 1)
bool 47 (1 0 0) (0 0 0) (1 0 1) (1 1 0) (0 1 1) (0 0 0) (1 0 0) (1 0 0) (0 1 1) (0 1 0) (1 0 0) (1 0 0) (0 1 1) (0 0 0) (0 1 0) (1 0 0) (0 0 1) (0 0 0) (1 0 0) (1 1 0) (1 0 1) (0 0 1) (0 1 0) (1 1 1) (0 0 1) (0 1 1) (1 1 1) (0 0 1) (1 1 0) (1 0 0) (1 0 1) (1 1 0) (0 1 1) (0 0 1) (1 0 1) (0 1 0) (0 1 0) (1 1 0) (0 0 1) (0 0 1) (1 0 0) (1 0 1) (1 1 1) (1 0 0) (0 1 1) (0 1 0) (1 1 0)
double 49 (3.24 0.55 6.49) (3.12 1.02 0.54) (1.01 1.49 4.56) (7.68 9.11 2.04) (8.23 2.08 1.31) (2.18 2.43 3.29) (3.92 1.24 1.91) (3.65 8.09 8.23) (7.68 7.32 7.59) (9.1 6.32 5.04) (3.01 8.85 8.35) (7.23 7.15 9.07) (2.61 2.93 4.35) (4.37 9.18 7.41) (7.96 4.39 4.42) (5.09 1.63 6.53) (8.53 3.22 4.34) (5.65 2.77 0.53) (5.66 8.31 5.58) (4.17 3.14 6.67) (3.49 9.15 2.06) (4.09 1.94 9.3) (7.61 1.02 8) (7.87 5.21 8.67) (4.75 4.62 4.45) (3.49 5.97 0.24) (1.52 3.92 9.98) (5.18 8.38 5.78) (5.3 5.13 0.14) (3.42 5.54 7.45) (5.23 5.55 8.57) (4.92 0.75 5.49) (6.84 0.46 2.46) (1.56 1.53 1.59) (2.19 6.19 5.33) (2.91 6.7 0.2) (7.68 7.19 3.92) (0.68 9.06 4.73) (9.59 3.36 6.53) (3.77 9.04 2.43) (1.25 9.08 3.96) (1.9 2.02 7.06) (6.36 3.23 2.99) (5.1 4.3 6.19) (0.27 6.71 2.15) (0.99 1.76 2.8) (6.9 5.11 7.77) (2.92 9.86 8.06) (4.4 5.17 4.67)
bool 52 (0 1 1) (1 0 0) (0 1 1) (0 1 1) (1 1 0) (0 0 1) (1 1 0) (1 1 1) (0 1 1) (0 1 1) (0 1 0) (1 0 1) (1 0 0) (1 1 0) (0 0 1) (0 1 1) (0 1 1) (1 1 1) (0 1 1) (1 1 0) (0 1 0) (0 0 1) (0 0 1) (1 1 1) (0 1 1) (1 0 0) (0 0 1) (1 0 1) (0 1 1) (0 1 1) (0 1 0) (0 1 0) (0 1 0) (0 1 1) (0 1 0) (0 0 0) (0 1 0) (1 0 0) (0 0 1) (1 1 1) (1 1 1) (0 0 1) (0 0 0) (1 0 0) (0 0 1) (0 0 1) (1 1 0) (1 1 1) (1 1 0) (0 1 0) (1 1 1) (0 0 0)
bool 52 (1 0 1) (1 1 1) (0 1 1) (0 0 0) (1 1 1) (0 1 0) (1 1 0) (0 0 1) (1 1 1) (1 0 0) (0 0 0) (0 0 1) (0 0 1) (0 0 1) (0 1 1) (1 0 0) (1 1 1) (0 1 1) (0 1 1) (1 0 1) (1 1 0) (0 1 1) (1 0 0) (0 0 1) (1 1 0) (1 0 0) (1 1 0) (0 1 0) (1 0 1) (1 0 1) (0 1 1) (0 0 1) (1 0 1) (1 1 0) (1 0 0) (1 1 1) (0 0 1) (1 1 1) (0 0 1) (0 0 1) (1 0 1) (0 1 0) (1 0 1) (1 0 0) (0 0 1) (0 1 1) (0 0 0) (0 0 1) (1 0 0) (0 0 1) (0 0 1) (0 1 0)
int 53 (92 38 46) (26 69 81) (39 97 87) (84 22 2) (40 6 51) (4 25 31) (87 76 99) (63 36 28) (35 25 74) (68 81 48) (60 14 63) (87 47 66) (51 83 91) (24 15 38) (97 56 70) (52 90 81) (37 35 60) (76 95 57) (94 91 97) (20 63 33) (19 10 64) (4 51 77) (19 74 33) (19 5 35) (10 85 41) (17 10 46) (92 18 58) (25 37 79) (28 1 67) (66 21 62) (27 65 27) (48 88 10) (5 72 64) (97 74 85) (89 57 37) (24 38 25) (55 13 1) (59 11 99) (86 66 58) (37 67 89) (75 35 27) (1 92 12) (53 74 74) (21 36 45) (12 85 61) (27 26 11) (67 50 65) (27 15 62) (83 60 22) (48 75 21) (88 56 8) (90 51 28) (83 6 14)
int 55 (67 77 6) (99 35 12) (11 21 22) (81 79 13) (24 10 63) (97 33 28) (4 90 21) (87 90 64) (99 93 52) (71 63 3) (31 29 60) (12 77 22) (68 59 48) (75 94 58) (84 46 6) (72 13 1) (39 10 58) (53 23 37) (7 87 50) (34 56 44) (39 8 28) (88 41 36) (26 77 29) (39 15 68) (46 49 9) (14 51 24) (4 1 19) (68 91 52) (75 54 99) (55 47 18) (40 86 29) (9 35 30) (63 59 84) (17 93 12) (37 50 61) (16 10 69) (64 4 37) (63 35 48) (80 82 42) (64 10 66) (32 54 22) (94 69 40) (88 81 41) (93 82 33) (92 23 78) (51 73 78) (23 42 15) (88 63 91) (2 75 48) (37 65 91) (85 26 33) (85 48 66) (85 39 43) (47 7 90) (81 85 9)
int 56 (88 16 33) (86 11 24) (95 48 47) (34 26 3) (13 74 17) (13 43 23) (56 67 3) (70 89 28) (37 16 10) (60 61 4) (2 21 46) (79 1 9) (37 99 14) (5 52 10) (96 85 10) (7 45 19) (47 45 31) (39 67 75) (17 9 1) (99 81 34) (82 98 31) (57 23 23) (54 4 75) (63 32 78) (6 2 27) (24 93 70) (99 42 36) (59 44 4) (72 14 76) (72 15 6) (60 34 43) (78 48 67) (90 58 23) (28 52 26) (47 10 76) (41 9 24) (83 94 35) (90 21 59) (91 29 41) (78 9 95) (64 80 39) (55 87 41) (2 88 56) (34 66 94) (46 6 57) (72 69 89) (5 44 12) (70 91 2) (93 26 85) (50 93 92) (91 49 3) (17 33 24) (53 52 46) (98 96 68) (35 47 82) (11 2 90)
bool 56 (1 0 1) (0 0 1) (1 1 0) (0 1 1) (1 1 1) (0 0 1) (1 1 1) (0 1 1) (1 1 1) (1 0 0) (0 1 1) (0 1 1) (0 0 0) (1 0 0) (1 1 0) (0 0 1) (0 0 0) (1 0 1) (0 1 0) (1 0 0) (1 0 0) (1 1 1) (1 0 0) (0 0 1) (0 1 0) (1 0 1) (1 0 0) (1 0 1) (1 0 1) (1 0 0) (0 1 0) (0 1 0) (0 0 1) (1 1 0) (0 1 0) (0 1 1) (0 0 0) (0 0 0) (1 1 0) (0 0 0) (1 0 0) (0 1 1) (0 0 0) (1 1 1) (0 1 0) (1 1 0) (1 0 0) (1 1 1) (1 1 1) (0 1 1) (1 0 0) (1 1 1) (1 0 1) (1 0 0) (1 0 0) (0 1 1)
bool 59 (0 0 0) (0 0 1) (1 1 0) (1 0 1) (0 0 1) (0 1 0) (0 1 1) (0 1 0) (0 1 0) (0 1 0) (0 1 1) (0 1 0) (1 1 1) (0 1 0) (1 1 1) (1 0 0) (0 0 0) (1 1 1) (0 0 1) (1 1 0) (1 1 1) (0 1 1) (1 1 1) (1 1 1) (1 0 1) (0 0 0) (1 0 0) (1 0 1) (0 0 0) (0 1 1) (0 1 0) (0 1 0) (0 0 1) (1 1 1) (0 1 1) (1 0 0) (1 0 0) (1 0 1) (1 1 0) (0 1 1) (1 1 1) (0 1 1) (0 0 1) (1 0 1) (1 1 0) (1 1 1) (0 1 1) (0 0 1) (0 1 0) (0 1 0) (1 0 1) (0 0 0) (1 1 1) (0 0 0) (1 0 0) (0 1 1) (0 0 1) (1 0 0) (1 0 0)
bool 60 (1 0 1) (1 0 1) (1 1 0) (0 0 1) (0 1 1) (0 1 1) (0 1 1) (1 1 1) (0 0 0) (0 1 1) (1 0 0) (0 0 1) (1 1 0) (1 1 0) (1 0 1) (1 0 1) (1 0 1) (0 1 0) (1 1 1) (1 1 1) (1 0 0) (1 0 1) (0 1 0) (0 0 0) (0 0 1) (0 1 1) (1 0 1) (0 0 1) (1 0 0) (0 0 1) (0 1 1) (0 0 0) (0 1 0) (1 0 1) (1 1 1) (1 1 0) (0 1 0) (0 0 1) (0 0 1) (1 0 0) (1 1 1) (0 0 0) (0 0 1) (0 0 0) (0 1 1) (0 0 0) (1 0 1) (1 1 1) (1 1 0) (0 1 1) (0 1 1) (1 1 1) (0 1 0) (0 1 1) (1 0 0) (1 1 0) (0 1 0) (0 0 1) (0 1 0) (0 1 1)
int 61 (53 90 60) (77 85 77) (3 95 89) (28 80 1) (36 20 50) (7 81 80) (85 57 4) (37 48 8) (56 82 44) (39 42 92) (72 14 85) (44 27 44) (23 81 73) (68 4 82) (27 81 61) (58 44 73) (78 55 13) (21 41 86) (31 82 47) (19 56 56) (53 68 37) (72 2 15) (43 42 38) (13 81 35) (82 27 1) (75 84 42) (45 21 97) (32 82 36) (19 5 82) (97 64 34) (97 77 83) (48 40 25) (10 87 30) (80 66 12) (3 64 83) (23 86 28) (76 20 58) (5 46 60) (29 93 51) (69 55 13) (39 73 38) (18 81 85) (23 20 34) (13 39 63) (11 2 30) (57 34 92) (88 16 36) (95 42 4) (64 47 99) (63 54 68) (46 15 52) (79 6 94) (86 95 15) (93 20 18) (9 98 13) (41 63 82) (42 68 99) (56 89 92) (86 44 66) (76 77 61) (15 94 54)
bool 62 (0 1 0) (1 0 0) (1 1 0) (0 1 1) (0 1 1) (0 1 0) (0 1 1) (0 0 0) (1 0 1) (1 0 1) (1 0 1) (1 1 1) (0 0 0) (0 0 0) (1 0 1) (1 0 1) (1 1 0) (1 1 0) (1 0 0) (0 1 0) (0 1 1) (0 1 0) (0 1 0) (0 0 1) (0 0 1) (1 0 0) (0 0 1) (1 0 1) (1 1 0) (0 1 0) (1 1 0) (0 0 1) (0 0 0) (0 0 1) (1 0 0) (0 1 0) (0 0 1) (1 1 0) (1 1 1) (0 0 0) (1 0 0) (1 1 0) (0 0 0) (0 0 0) (1 0 0) (1 0 1) (0 1 0) (0 1 0) (1 0 1) (0 1 1) (0 0 0) (1 0 1) (1 0 0) (0 1 0) (0 0 0) (0 1 1) (0 1 1) (0 0 1) (1 1 0) (0 0 0) (1 0 0) (0 1 0)
double 62 (4.56 8.96 9.51) (4.21 9.82 6.95) (1.7 8.31 9.3) (1.35 0.91 1.29) (3.18 5.27 1.86) (1.23 6.37 2.46) (5.96 8.21 8.51) (0.84 1.66 6.65) (0.87 6.66 1.45) (0.81 5.13 3.58) (8.12 0.06 8.67) (9.12 3.81 9.08) (2.02 7.12 2.43) (0.07 2 9.84) (7.2 3 7.01) (9.9 0.93 3.29) (4.44 1.44 8) (8.96 0.13 8.12) (5.97 2.59 0.23) (6.53 6.63 1.77) (9.88 9.52 6.84) (3.13 6.35 2.08) (4.74 0.87 7.93) (1.11 9.56 5.98) (8.13 9.83 2.09) (9.9 3.33 9.5) (7.87 5.66 2.5) (3.78 3.59 6.13) (2.08 6.72 1.67) (7.79 4.45 5.05) (6.5 9.91 1.16) (3.53 1.41 2.74) (0.14 1.64 2.24) (9.39 8.28 1.79) (3.41 7.63 1.51) (8.34 1.14 0.83) (6.88 9.48 5.65) (6.53 0.51 5.33) (9.04 2.78 4.93) (8.23 3.79 7.11) (5.31 3.44 2.54) (4.06 7.44 7.99) (7.77 1.77 4.88) (6.42 4.97 7.71) (8.29 3 4.08) (8.53 1.75 8.81) (8.92 0.52 4.19) (7.8 3.83 4.14) (7.5 8.82 7.38) (9.15 3.4 4.63) (3.4 6.99 2.26) (1.79 9.52 7.82) (0.97 6.33 9.93) (7.2 7.13 4.43) (8.43 4.64 0.67) (9.63 5.79 9.69) (9.83 5.33 6.45) (6.09 4.63 7.44) (3.47 5.23 2.78) (7.24 9.12 5.7) (6.81 3.56 0.35) (7.24 7.21 9.34)
int 63 (98 29 81) (14 91 96) (56 4 86) (48 2 22) (65 24 46) (55 58 71) (50 19 31) (31 30 80) (33 78 33) (59 92 98) (98 74 40) (44 34 12) (62 56 52) (45 28 85) (56 7 66) (2 36 33) (14 2 71) (77 27 63) (36 49 15) (30 72 54) (89 3 6) (82 55 59) (99 72 58) (13 32 64) (75 71 99) (84 46 7) (37 73 74) (99 59 77) (2 91 66) (69 62 83) (74 77 52) (62 54 62) (18 6 83) (1 14 73) (43 4 22) (37 54 38) (79 80 58) (3 93 86) (85 56 40) (2 48 95) (54 8 69) (71 95 15) (93 60 28) (87 11 63) (79 58 22) (51 6 80) (64 93 98) (20 75 15) (26 27 77) (12 42 37) (56 37 6) (4 7 51) (6 99 36) (33 43 56) (68 90 18) (15 74 50) (75 44 10) (91 91 22) (52 11 96) (20 93 23) (70 23 13) (52 67 9) (8 78 33)
bool 63 (0 1 1) (0 0 0) (0 1 0) (0 0 0) (1 1 0) (1 1 1) (0 0 0) (1 0 0) (1 0 1) (1 1 1) (0 0 1) (1 1 0) (0 1 0) (0 1 0) (1 1 1) (1 1 1) (1 0 0) (1 1 1) (1 1 1) (1 0 0) (0 0 0) (0 1 0) (1 0 1) (1 1 0) (1 0 1) (0 1 1) (1 0 1) (0 1 1) (0 0 0) (0 0 0) (1 1 1) (1 0 1) (0 0 0) (0 1 0) (0 1 0) (0 1 1) (0 1 1) (1 0 1) (0 1 0) (0 0 1) (1 1 0) (0 0 1) (1 1 0) (0 1 0) (1 0 1) (0 1 1) (0 1 1) (1 1 0) (0 1 0) (1 0 0) (0 0 0) (1 1 1) (0 0 0) (0 1 1) (1 1 0) (1 0 0) (0 0 1) (0 1 1) (1 0 1) (0 0 0) (0 1 1) (0 1 1) (1 0 0)
bool 64 (0 1 0) (1 0 0) (1 1 0) (0 1 0) (1 1 1) (0 1 0) (0 0 1) (1 1 0) (0 1 1) (1 0 1) (1 0 0) (0 1 1) (1 1 1) (0 1 1) (1 1 0) (1 1 0) (0 0 0) (1 1 0) (0 0 1) (1 0 1) (1 1 1) (0 1 0) (0 0 1) (1 1 1) (0 0 1) (0 0 0) (1 0 1) (1 0 1) (1 0 0) (1 1 1) (1 1 1) (0 0 1) (0 1 0) (1 1 0) (0 0 1) (1 0 1) (1 0 0) (0 1 0) (1 1 1) (1 0 0) (1 1 0) (0 1 0) (0 1 0) (0 0 1) (0 1 1) (1 1 1) (1 1 1) (0 0 1) (0 0 1) (0 0 1) (0 0 0) (0 1 1) (0 0 1) (1 0 0) (0 1 0) (1 0 1) (1 0 1) (1 0 1) (1 1 1) (0 1 1) (0 0 1) (0 1 0) (0 0 0) (0 1 0)
char 64 (r g d) (f i c) (h k k) (p i k) (t k g) (o n p) (i a k) (j o j) (t p b) (o i f) (e o e) (n q c) (i i g) (o o d) (i e p) (n a o) (l b j) (g s n) (g m d) (s f o) (f p a) (d s m) (c g i) (g j a) (d r l) (o t c) (n j q) (n r c) (d n n) (n q e) (p l r) (m a p) (i n c) (s i c) (a s d) (l s n) (m t j) (d g l) (b o p) (d q j) (c m h) (c g p) (m d o) (i b i) (s c i) (k a t) (t s o) (q s f) (s n n) (b d q) (d j m) (i g m) (l k e) (o k j) (f r q) (r r c) (d q a) (b t b) (t h d) (i h c) (d s g) (j d e) (p p f) (c b o)
int 64 (45 43 47) (24 12 6) (26 59 29) (27 29 22) (59 36 34) (74 52 97) (44 71 71) (78 69 9) (12 7 50) (23 27 42) (25 17 39) (94 7 27) (95 33 22) (69 25 75) (89 52 46) (43 13 93) (49 56 66) (97 4 71) (73 45 45) (82 59 44) (12 12 12) (96 59 62) (4 43 69) (8 50 45) (36 19 81) (96 25 20) (8 90 92) (45 30 13) (23 52 64) (76 16 98) (84 98 53) (79 19 65) (38 7 88) (77 27 2) (18 43 15) (24 24 51) (67 62 15) (72 36 44) (63 87 65) (66 29 57) (87 83 48) (99 52 32) (84 70 12) (84 8 75) (77 42 74) (39 51 79) (59 32 17) (52 38 34) (27 18 59) (45 6 46) (40 56 89) (97 56 13) (29 26 24) (79 56 32) (74 77 33) (39 89 87) (21 87 33) (31 3 99) (60 53 30) (94 93 55) (60 33 29) (36 6 88) (73 59 75) (5 71 79)
bool 65 (1 1 0) (1 0 0) (1 0 0) (0 0 1) (1 0 0) (1 0 1) (1 1 0) (0 0 1) (1 0 1) (0 1 1) (0 1 0) (1 1 1) (0 1 0) (0 0 0) (1 1 1) (0 1 1) (0 0 0) (1 0 0) (1 0 0) (0 0 1) (0 1 0) (1 1 1) (0 1 1) (1 0 1) (1 1 0) (1 0 0) (1 1 1) (0 0 1) (1 0 1) (1 1 0) (1 0 1) (0 0 1) (1 0 1) (0 1 1) (0 0 0) (0 0 1) (1 1 0) (1 1 1) (0 1 1) (1 1 0) (0 1 0) (0 1 0) (1 1 1) (1 1 0) (0 0 0) (0 0 0) (1 0 0) (1 1 1) (0 1 1) (1 1 0) (0 0 1) (1 0 0) (0 1 0) (1 1 1) (0 0 1) (1 0 1) (0 0 0) (1 1 1) (1 1 1) (1 0 1) (0 1 0) (0 0 0) (0 1 1) (1 1 0) (0 1 0)
double 65 (0.98 1.43 1.68) (9.55 0.67 2.59) (5.37 4.73 1.43) (2.32 5.78 9.83) (3.82 3.46 2.89) (7.06 0.54 3.82) (7.2 2.96 7.14) (1.27 4.93 4.96) (8.84 5.72 7.09) (1.3 0.52 1.73) (8.28 7.25 4.39) (5.37 7.94 9.17) (6.28 9.6 2.98) (6.86 2.59 8.39) (5.69 0.33 1.77) (4.73 0.32 8.48) (8.99 5.5 1.12) (4.63 7.3 3.83) (4.03 4.16 7.49) (1.92 2.61 6.92) (5.13 9.11 8.06) (7.55 5.18 1.54) (6.35 9.2 7.88) (5.41 7.96 5.74) (3.19 9.64 2.74) (4.62 0.9 4.31) (3.07 2.26 3.91) (8.75 9.95 0.99) (2.21 7.25 3.15) (3.23 9.99 5.15) (7.43 2.83 7.51) (0.82 1.05 9.93) (8.53 9.71 7.92) (7.12 2.52 8.37) (6.68 2.44 4.35) (4.03 2.86 5.38) (8.82 7.3 1.87) (5.26 4.52 6.29) (6.67 7.16 8.46) (0.15 6.36 2.11) (8.37 6.38 2.58) (3.22 1.25 5.74) (4.47 8.08 8.9) (9.96 5.93 5.14) (1.32 0.66 5.92) (4.49 6.61 8.29) (0.62 0.2 0.25) (1.09 3.84 8.46) (3.32 3.72 6.28) (7.23 6.88 5.33) (9.66 8.88 4.51) (7.16 8.6 2.99) (2.74 9.6 3.14) (3.59 4.72 3.7) (9.4 5.72 5.47) (4.68 4.44 6.68) (6.54 3.3 7.7) (4.7 7.72 1.88) (5.44 6.83 8.87) (9.57 4.44 2.72) (7.75 5.82 7.95) (8.63 9.39 8.45) (2.99 9 6.78) (0.14 0.13 0.06) (3.21 6.43 8.02)
bool 67 (1 1 0) (1 0 0) (1 1 0) (0 1 0) (0 0 0) (0 0 0) (1 0 1) (1 0 1) (0 1 0) (0 0 0) (0 1 0) (0 1 0) (1 0 0) (1 0 1) (1 0 0) (0 0 1) (1 0 1) (0 0 1) (0 1 0) (0 1 1) (1 1 1) (0 1 0) (1 0 1) (0 1 1) (0 0 1) (1 0 0) (0 0 0) (1 0 0) (0 1 1) (1 0 1) (1 1 0) (1 1 0) (1 1 0) (1 0 0) (0 1 0) (0 0 1) (1 1 0) (1 1 0) (0 0 1) (1 0 0) (1 0 0) (1 0 0) (0 0 0) (0 1 1) (1 1 1) (1 0 0) (1 1 0) (0 0 0) (0 1 1) (0 1 1) (1 0 1) (1 1 0) (1 0 1) (1 0 1) (1 0 1) (0 1 1) (1 1 0) (0 0 0) (0 0 1) (1 1 0) (0 1 0) (1 0 1) (0 0 0) (1 1 0) (0 0 0) (1 0 0) (0 0 1)
int 67 (4 51 93) (22 46 62) (99 33 41) (11 90 60) (23 51 47) (41 47 53) (94 64 30) (61 25 68) (62 58 20) (45 45 24) (28 11 43) (90 13 49) (57 18 35) (35 21 23) (69 60 73) (64 44 37) (24 55 66) (56 62 67) (73 8 49) (13 31 37) (64 80 33) (54 83 6) (96 88 32) (69 23 36) (29 74 79) (20 10 51) (43 71 99) (69 33 99) (2 27 84) (28 29 82) (85 67 93) (19 45 88) (4 29 8) (68 52 77) (55 60 22) (55 24 11) (75 30 45) (23 75 59) (76 35 76) (82 69 2) (30 26 63) (98 42 62) (25 95 26) (33 25 58) (46 19 43) (20 11 18) (41 16 41) (72 68 18) (39 16 93) (29 90 92) (45 44 96) (2 28 27) (87 11 69) (98 72 86) (48 67 32) (21 95 84) (72 38 53) (99 31 21) (23 18 1) (77 96 44) (44 71 98) (30 55 9) (65 27 53) (61 41 18) (9 55 42) (26 8 87) (56 19 68)
double 68 (7.67 4.65 9) (9.9 5.45 1.17) (2.4 1.84 9.61) (1.24 0.26 4.78) (3.08 1.24 4.27) (1.66 6.33 6.53) (1.65 7.94 2.88) (2.96 4.81 4.64) (9.8 6.18 9.59) (9.73 1.53 6.03) (2.81 0.5 4.07) (3.95 2.59 8.45) (3.46 1.62 0.16) (3.47 0.36 9.55) (6.98 7.89 4.03) (9.22 7.18 7.07) (0.68 6.5 5.03) (0.08 2.19 8.19) (6.89 6.72 9.16) (6.6 3.47 4.44) (8.61 1.49 6.16) (3.61 7.46 9.54) (8.71 3.09 9.14) (1.65 0.65 1.95) (2.7 4 9.68) (9.05 4.83 5.88) (5.03 8.49 5.44) (3.57 8.51 7.99) (6.9 9.53 9.93) (2.54 5.35 9.99) (0.11 1.63 3.74) (2.06 6.9 0.91) (3.21 2.65 4.96) (7.94 1.57 0.07) (0.97 5.86 0.23) (6.74 4.5 7.16) (0.25 1.36 2.67) (0.7 3.15 4.81) (2.07 2.65 4.87) (1.27 1.15 6.82) (8.81 2.62 9.63) (7.49 1.61 3.56) (5.79 6.12 6.87) (5.3 7.71 7.52) (6.49 4.28 9.88) (4.89 2.35 3.49) (6.52 7.57 1.19) (1.62 4.47 7.26) (0.1 4.2 1.51) (0.09 7.23 8.23) (5.83 8.59 7.24) (3.36 8.62 9.83) (1.41 4.22 3.1) (8.27 9.04 3.49) (5.08 3.26 7.97) (5.89 9.54 2.26) (5.79 0.55 9.07) (2.27 3.8 8.34) (9.18 3.84 7.53) (7.15 9.86 8.83) (8.31 9.66 7.74) (2.46 1.4 3.64) (6.86 5.04 3.25) (8.05 2.72 6.86) (3.61 3.96 8.81) (8.97 6.83 8.56) (8.17 2.5 0.88) (8.35 2.33 4.02)
char 68 (o m t) (d l b) (a j g) (o a s) (e q m) (j e c) (o k m) (d n l) (l a b) (m o c) (i o f) (b c i) (d q j) (p l p) (g f t) (g q c) (d a d) (n r s) (q l l) (b r b) (b c e) (a e m) (d d p) (s j n) (d o f) (l l p) (s o b) (b f n) (h b n) (j c t) (f f d) (d r q) (q e d) (i o t) (l s r) (t t k) (i p o) (j o e) (f h q) (o l a) (r k e) (n s g) (r m q) (h t l) (f f f) (p b p) (a j g) (b p k) (o b f) (e r d) (t h q) (f r h) (g q e) (f t q) (r l r) (r a m) (q l f) (j o j) (n m f) (c r t) (b r p) (l f p) (t c d) (c a j) (e n p) (r j f) (r o i) (t t k)
int 70 (50 55 85) (44 5 38) (26 66 36) (97 64 20) (11 34 85) (15 45 43) (14 13 80) (63 90 65) (20 92 35) (32 32 83) (91 87 37) (16 39 77) (66 79 64) (79 81 19) (82 49 84) (37 93 19) (51 85 22) (96 11 25) (68 33 91) (12 90 83) (78 50 88) (69 85 83) (90 29 84) (67 51 57) (64 69 78) (55 28 15) (13 76 10) (35 89 52) (13 25 93) (31 75 50) (53 56 59) (25 46 14) (73 50 14) (39 14 91) (7 1 70) (53 75 48) (49 40 8) (45 58 59) (58 25 76) (30 15 40) (40 78 39) (47 83 19) (36 10 57) (27 12 90) (81 24 48) (29 68 50) (41 31 44) (51 38 19) (36 59 85) (41 88 1) (21 69 13) (19 79 94) (97 58 28) (91 6 94) (41 37 5) (66 93 50) (11 10 68) (84 76 53) (47 71 69) (94 65 90) (6 82 52) (19 92 84) (95 50 59) (94 56 81) (11 49 75) (48 69 56) (7 55 45) (11 58 51) (72 92 10) (11 26 10)
double 72 (7.21 3.6 5.71) (3.62 1.13 6.55) (0.76 8.38 7.28) (4.22 5.46 9.34) (9.4 7.23 6.89) (1.68 2.62 1.72) (6.95 3.3 7.47) (3.47 7.28 0.73) (6.21 1.44 9.3) (6.94 0.64 0.48) (2.77 4.88 1) (8.3 8.97 3.71) (2.9 1.15 8.21) (3.28 7.78 8.78) (0.07 0.38 6.62) (3.22 9.31 4.88) (3.25 7.49 3.88) (0.63 3.05 2.68) (2.67 4.3 2.12) (0.33 5.68 7.99) (5.45 6.57 5.23) (7.81 1.67 9.41) (9.64 6.13 4.8) (1.16 8.15 0.39) (5.27 9.54 7.14) (1.72 1.68 7.19) (1.39 7.03 4.48) (8.94 4.88 9.02) (1.47 0.61 1.21) (6.04 2.82 6.15) (2.87 5.28 3.04) (8.15 0.91 7.48) (9.77 7.26 9.42) (7.32 2.14 0.92) (9.93 8.39 2.49) (3.39 0.36 2.11) (2.4 0.16 7.22) (5.96 9.11 6.79) (2.88 4.39 8.3) (5.91 1.77 6.09) (4.22 8.07 6.93) (8.16 8.73 2.14) (8.03 8.29 9.92) (4.79 7.47 6.28) (2.9 4.89 8.62) (1.21 6.98 9.63) (0.13 0.29 4.17) (1.61 4.92 3.05) (0.03 5.88 5) (5.66 8.87 2.81) (5.7 5.14 0.35) (1.48 0.9 2.72) (5.69 5.6 5.11) (9.19 9.17 4.29) (2.69 5.59 1.95) (1.72 7.25 5.03) (1.77 1.55 2.55) (3.24 8.42 9.95) (9.2 7.27 1.82) (9.24 9.34 1.08) (2.74 0.4 7.95) (5.08 5.13 4.92) (5.4 9.31 6.54) (4.14 3.76 1.2) (5.04 8.72 3.05) (5.39 8.44 9.36) (9.91 2.3 7.85) (4.02 5.02 5.53) (1.74 8.46 7.23) (7.49 0.02 6.94) (7.4 0.86 9.97) (3.26 1.27 6.92)
double 73 (7.6 4.18 7.43) (4.2 7.28 8.51) (1.75 4.6 1.76) (0.38 5.09 3.17) (7.59 5.7 0.24) (6.24 0.74 0.03) (8.27 1.36 3.2) (3.7 5.23 7.44) (8.25 7.54 9.75) (3.8 2.05 9.18) (3.74 7.32 1.79) (8.3 7.28 2.44) (8.95 9.04 5.54) (7.91 8.03 9.56) (4.14 0.29 6.36) (1.79 3.34 9.38) (4.52 4.26 3.81) (6.8 2.48 8.85) (4.2 5.62 2.74) (1.89 0.94 9.75) (8.04 8.23 5.26) (7.03 8.97 4.72) (9.19 8.11 6.06) (1.88 5.09 5.27) (3.47 6.69 8.5) (3.07 5.36 3.41) (0.74 3.45 3.99) (0.41 1.6 4.07) (8.53 5.32 1.5) (0.65 4.4 9.52) (6.69 8.24 5.51) (9.82 3.36 8.56) (7.44 1.43 6.66) (6.62 0.18 8.35) (7.09 4.81 9.73) (9.78 0.62 8.13) (2.92 8.12 6.76) (3.48 8.24 9.48) (9 7.94 8.83) (2.25 8.98 7.28) (2.98 2.92 9.9) (8.02 3.52 1.27) (8.66 6.62 3.11) (6.91 2.23 6.02) (9.95 1.43 2.47) (3.91 8.32 4.83) (8.02 7.23 6.59) (3.88 6.43 1.43) (4.38 5.93 5.72) (9.59 3.15 6.87) (8.25 2.89 8.5) (6.73 5.54 9.56) (7.14 0.54 7.25) (4.3 9.04 3.94) (2.23 8.15 3.92) (3.13 3.11 4.04) (4.72 3.06 1.56) (5.44 7.17 9.25) (0.53 0.76 2.21) (5.03 1.22 1.74) (0.34 5.98 1.01) (3.55 6.47 7.72) (8.58 6.7 3.68) (6.76 9.82 1.32) (1.44 7.3 2.47) (2.95 5.3 9.19) (7.7 9.14 2.72) (6.79 3.97 5.86) (4.3 0.06 4.84) (2.6 7.63 7.33) (1.86 9.15 3.7) (3.28 4.25 5.72) (5.48 0.7 5.22)
char 73 (e q i) (r k q) (o h q) (q n d) (r p q) (e e a) (l g k) (q b m) (t o o) (t c m) (h a b) (c o h) (k e k) (t t l) (g c j) (m m l) (i p q) (f o m) (p d e) (a t a) (p e n) (a m h) (l h j) (i b j) (a h e) (k m i) (g t s) (o g n) (l f l) (l j p) (s r b) (f j m) (o s b) (l j c) (f m d) (r h r) (j n c) (d a h) (o i e) (b l f) (a b f) (b k p) (n n d) (j k p) (q b g) (a i j) (g n q) (r q r) (j g j) (n h q) (r b d) (l r o) (p a h) (j i e) (a q o) (f q f) (f c t) (s o n) (b r n) (g n l) (c r r) (f s s) (p b r) (c p i) (g t f) (g c o) (r h o) (b j a) (n i q) (d n d) (l t k) (t h a) (b l e)
double 74 (3.54 6.53 7.69) (8.5 7.7 3.52) (0.28 7.02 8.92) (2.27 1.91 0.83) (1.92 8.55 3.76) (6.08 9.89 1.29) (1.39 5.52 8.37) (0.32 4.59 4.92) (0.61 5.15 5.12) (5.05 0.85 5.39) (9.93 1.78 2.81) (9.8 2.44 6.66) (9.08 8.16 9.9) (9.87 8.07 8.89) (1.53 1.86 9.84) (2.69 1.71 6.19) (0.28 0.87 1.9) (8.13 5.81 1.59) (1.96 0.91 2.56) (8.97 9.95 9.03) (0.89 3.31 5.4) (0.83 3.55 4.1) (8.88 5.42 5.74) (2.42 5.7 0.96) (3.1 8.89 5.35) (7.72 6.56 8.54) (1.95 2.11 0.83) (8.84 4.29 9.78) (9.81 8.47 0.79) (4.38 6.92 7.01) (0.57 7.28 2.73) (7.72 3.58 5.64) (2.94 2.88 8.67) (5.75 2.77 7.7) (6.17 8.44 7.5) (0.02 5.22 3.2) (9.02 1.75 3.44) (8.74 6.02 1.54) (2.67 1.93 4.27) (7.06 4.45 4.08) (3.59 2.9 4.72) (3.95 9.56 7.23) (8.19 1.62 7.79) (0.89 9.95 5.85) (5 5.11 0.9) (3.78 3.72 6.75) (0.53 4.46 1.28) (4.11 9.58 5.97) (9.75 1.02 8.8) (4.84 2.24 3.75) (2.56 7.1 8.19) (1.85 4.35 5.97) (1.15 3.48 4.04) (2.36 7.92 6.31) (7.17 2.21 7.98) (1.45 1.92 5.11) (9.15 8.13 0.22) (5.78 9.89 6.81) (7.22 5.11 4.44) (4.46 1.06 6.38) (6.38 8.2 0.22) (7.44 4.02 3.89) (7.63 0.73 5.98) (6.1 6.63 7.86) (9.36 5.24 8.46) (5.05 4.7 4.24) (6.63 6.37 8.17) (6.1 2.5 3.26) (5.16 7.05 2.61) (9.21 9.09 0.08) (8.68 4.57 2.1) (9.38 4.23 9.62) (5.56 1.53 8.17) (9.2 2.64 2.1)
double 74 (3 7.65 9.53) (5.34 9.75 9.79) (6.12 9.05 1.36) (2.15 0.09 9.77) (6.04 0.09 6.65) (8.61 9.93 7.69) (7.35 5.63 6.31) (7.07 1.25 0.42) (1.91 3.41 7.83) (9.79 4.38 5.97) (7.93 3.81 1.11) (0.89 8.7 9.12) (3.39 0.84 0.59) (3.88 6.25 9.45) (8.26 6.04 7.49) (3.27 5.35 6.62) (2.63 6.46 3.79) (9.53 8.36 8.38) (7.44 9.13 8.23) (6.34 7.84 9.17) (8.87 2.46 1.32) (9.31 8.23 9.41) (5.86 6.89 8.06) (1.79 9.74 6.69) (8.23 4.17 2.63) (7.95 4.54 2.94) (3.58 8.23 6.81) (1.35 6.33 5.03) (6.52 4.42 6.07) (9.01 8.94 2.51) (7.09 5.11 8.55) (5.07 7.09 0.23) (5.29 7.96 1.33) (9.83 9.85 7.49) (2.91 9.79 0.67) (9.47 3.87 5.74) (5.46 9.63 7.58) (4.08 8.83 3.21) (3.27 1.77 6.27) (3.5 0.86 9.13) (0.25 3.35 7.54) (0.21 1.17 8.04) (0.87 6.51 7.04) (4.81 0.15 2.64) (6.35 2.48 0.24) (6.38 6.39 4.7) (4.81 7.27 0.09) (2.48 7.91 6) (7.22 5.66 4.56) (4.88 5.57 3) (7.6 7.46 5.23) (9.59 3.71 9.79) (9.66 2.86 0.22) (1.01 0.55 6.36) (7.09 7.37 5.65) (0.23 9.84 0.78) (8.27 4.04 9.36) (0.46 3.62 4.97) (9.15 3.88 9.55) (6.08 0.05 2.36) (7.63 2.76 9.01) (9.43 4.19 8.85) (4.29 7 1.23) (8.16 5.34 1.02) (2.64 5.37 0.98) (9.49 0.78 5.87) (5.26 9.68 0.09) (0.16 2.12 4.34) (4.93 7.34 5.51) (8.42 6.08 8.51) (1.67 0.1 1.26) (9.47 7.79 6.02) (0.18 0.21 6.88) (6 7.6 7.32)
int 75 (17 49 68) (16 70 1) (37 95 83) (93 27 85) (33 85 13) (76 68 68) (76 4 46) (18 21 13) (29 23 29) (83 19 74) (88 88 71) (82 78 8) (99 43 2) (96 43 53) (61 60 48) (32 67 82) (99 64 36) (75 64 2) (68 66 21) (86 85 13) (57 91 66) (67 86 72) (36 16 43) (40 5 78) (84 28 78) (7 62 52) (76 26 49) (77 72 80) (10 25 63) (93 50 89) (70 12 67) (78 22 25) (28 1 28) (79 72 59) (45 99 75) (22 68 87) (59 78 86) (76 7 35) (22 75 78) (98 52 51) (5 31 52) (4 1 32) (22 15 47) (84 18 45) (60 64 76) (74 10 21) (65 55 76) (5 50 95) (13 9 16) (61 99 98) (89 42 22) (64 96 54) (66 5 74) (76 38 21) (25 80 60) (11 60 70) (64 8 72) (98 97 14) (91 40 99) (12 59 39) (7 64 14) (46 91 49) (38 33 23) (89 13 55) (43 54 41) (3 50 58) (85 29 88) (10 36 31) (72 69 39) (60 7 26) (86 20 27) (49 18 88) (57 5 1) (74 10 61) (8 93 76)
double 76 (3.53 5.43 2.64) (5.78 0.25 8.86) (4.17 3.9 8.65) (8.41 1.61 3.27) (7.23 6.17 2.32) (8.03 0.52 2.86) (4.78 5.64 1.59) (0.88 4.77 4.92) (2.65 2.98 5.48) (8.25 8.78 3) (0.65 9.8 2.44) (2.36 8.96 6.13) (5.14 6.16 1.34) (5.03 7.07 5.03) (2.44 7.03 4.35) (6.74 1.51 6.37) (1.27 8.49 6.49) (4.74 8.11 6.15) (8.24 5.09 8.32) (9.36 6.77 6.42) (3.37 1.29 2.31) (3.08 3.52 8.78) (8.26 4.38 7.79) (5.1 9.47 4.6) (8.79 3.16 7.01) (1.56 5.09 0.1) (4.18 2.85 6.05) (0.9 0.04 3.88) (5.92 9.67 5.6) (0.86 9.67 7.92) (6.64 6.7 7.08) (3.92 4.82 4.92) (4.31 6.46 3.94) (6.34 7.87 1.35) (7.26 7.3 7.41) (9.34 7.44 7.22) (4.42 9.13 4.89) (4.28 6.51 0.3) (9.08 7.94 7.89) (3.31 6.26 7.58) (6.67 2.66 7.2) (7.6 3.44 3.68) (8.36 1.85 3.98) (1.3 4.83 1.02) (9.72 5.63 6.12) (9.4 7.32 0.88) (3.03 1.55 4.09) (1.99 3.17 0.04) (1.64 5.24 0.45) (5.82 7.45 4.78) (5.64 1.03 2.38) (5.2 8.91 8.16) (2.91 7.14 8.86) (7.11 6.01 9.89) (9.13 9.12 0.28) (0.12 5.34 9.84) (1.55 1.2 4.95) (3.72 1.45 2.5) (3.49 8.39 9.07) (9.62 4.09 5.96) (6.29 1.02 3.67) (9.2 6.73 5.24) (7.23 0.24 1.04) (9.34 3.29 4.07) (7.25 4.52 5.2) (5.08 7.23 9.45) (7.55 8.21 9.81) (9.28 9.58 1.01) (8.94 0.26 0.42) (3.75 2.64 4.97) (9.52 6.81 3.66) (1.96 2.01 0.38) (3.35 5.95 3.06) (8.45 6.85 2.18) (2.35 6.68 2.35) (8.98 0.65 1.26)
double 77 (6.22 6.04 9.29) (0.58 1.33 2.46) (3.37 1.99 5.58) (5.11 9.79 9.51) (3.14 1.27 2.09) (5.3 9.47 2.33) (3.26 6.53 0.23) (7.43 7.81 4.96) (0.21 5.74 9.82) (8.28 3.33 5.26) (5.07 1.32 0.69) (0.77 8.42 9.33) (9.03 5 1.02) (6.92 6.37 6.18) (6.64 0.92 5.38) (3.19 5.93 0.25) (3.12 6.82 6.72) (9.81 9.47 9.91) (9.38 5.19 0.12) (8.65 3.57 3.34) (5.96 1 3.1) (8.15 8.75 6.9) (5.77 6.75 8.43) (7.43 8.18 0.9) (3.66 1.9 0.88) (0.88 2.72 6.51) (4.71 8 7.3) (0.28 5.51 3.1) (4.14 1.14 1.82) (2.26 9.89 5.37) (9.18 4.41 8.02) (9.65 8.72 9.27) (9.53 2.63 5) (2.05 5.66 6.03) (5.82 8.76 2.02) (1.64 2.3 9.54) (8.52 2.03 9.89) (9.19 9.9 7.01) (5.29 0.58 3.29) (0.98 4.93 6.61) (8.27 9.23 3.66) (7.91 0.67 3.06) (9.19 8.51 3.16) (2.49 1.79 3.39) (2.19 6.23 1.92) (3.47 3.88 5.83) (4.17 6.78 2.04) (2.21 0.7 3.86) (1.59 8.53 7.91) (8.09 5.16 0.02) (5.6 1.02 1.84) (5.77 1.9 0.38) (0.32 9.9 0.06) (9.14 3.56 2.64) (7.23 2.13 1.71) (5.41 1.19 7.1) (9 8.72 0.12) (5.42 9.69 2.71) (0.97 3.46 2.4) (8.58 1.44 0.85) (1.88 2.98 0.21) (0.72 1.62 3.98) (4.62 1.14 7.69) (8.87 7.49 1.55) (8.66 5.13 9.71) (8.3 3.49 3.06) (5.07 5.59 9.27) (6.69 9.37 0.79) (7.68 5.5 1.65) (3.65 2.41 9.74) (4.31 7.56 2.87) (8.09 7.62 9.61) (5.82 5.2 2.05) (7.31 6.16 1.32) (9.88 9.66 7.05) (1 1.77 8.76) (3.01 1.83 2.16)
bool 78 (1 0 1) (0 1 1) (0 1 1) (1 0 0) (1 0 1) (0 0 0) (0 0 0) (0 0 0) (1 1 1) (1 0 0) (1 1 1) (1 1 1) (0 0 0) (1 1 0) (1 1 0) (0 1 0) (1 0 1) (0 0 1) (1 0 1) (1 1 0) (1 1 0) (1 0 1) (1 1 0) (0 0 0) (0 0 0) (1 1 0) (1 1 0) (1 0 1) (1 1 0) (1 0 1) (1 1 0) (1 1 1) (1 1 0) (1 1 1) (1 1 0) (0 1 1) (1 0 0) (0 1 1) (1 1 0) (1 0 0) (0 0 0) (0 1 0) (1 1 0) (0 1 1) (1 0 0) (1 0 0) (0 1 0) (1 1 0) (0 0 1) (0 0 1) (1 1 1) (1 1 1) (1 0 0) (1 0 0) (0 1 0) (0 0 0) (1 1 1) (0 1 1) (1 1 0) (1 0 1) (0 0 0) (0 0 1) (0 1 0) (0 1 0) (1 0 1) (0 1 0) (1 1 1) (1 1 0) (0 1 0) (1 1 1) (0 1 0) (1 1 0) (1 1 0) (1 1 1) (0 0 0) (0 0 1) (0 0 1) (0 0 0)
char 79 (f q b) (c t l) (r a c) (c s n) (o i t) (c a k) (n r n) (i n a) (j n a) (f f s) (i m t) (d c r) (f b a) (f t j) (b d o) (s n q) (m b d) (b q g) (r o c) (s q m) (f h a) (g i t) (q h l) (m a m) (n n e) (s h b) (h d a) (d k l) (m s b) (g k c) (o o h) (s p b) (k t n) (k p q) (i l f) (i j r) (o f t) (l c p) (l i r) (g i s) (r c h) (d s d) (r n l) (f p b) (i m k) (j t k) (i s s) (b l d) (h q o) (c n k) (d n g) (q m r) (q j p) (d g j) (h p p) (n s p) (i h k) (j p k) (f i j) (p r b) (f d b) (a o f) (i g n) (t f e) (k q e) (a q l) (e o e) (s h d) (g d f) (l l a) (b g m) (e m f) (r j k) (p d a) (j a i) (g f g) (j h d) (m p l) (e m k)
double 80 (5.77 5.65 6.74) (2.72 4.23 9.19) (3.32 4.43 3.25) (0.19 7.47 2.49) (2.28 4.35 5.21) (7.26 1.95 4.73) (5.26 0.27 6.94) (7.66 6.99 2.29) (0.35 1.63 1.05) (6.61 3.93 9.56) (4.06 9.36 2.98) (1.4 3.22 7.55) (5.28 3.36 3.93) (6.93 6.56 1.02) (1.48 7.26 6.66) (5.47 2.93 7.72) (9.96 9.49 5.96) (3.85 9.99 2.18) (9.21 0.4 6.43) (3.09 2.39 5.3) (3.97 6.66 9.79) (1.6 3.76 2.44) (3.04 9.88 0.95) (9.99 5.29 2.8) (1.22 5.63 9.35) (1.07 7.1 7.4) (3.23 7.14 1.59) (5.79 6.73 1.75) (0.84 5.34 6.49) (3.1 7.07 7.44) (7.72 2.58 6.97) (9.99 4.6 5.45) (1.69 3.37 0.84) (8.79 6.97 7.01) (1.94 6.36 9.82) (9.56 8.98 0.56) (9.65 1.49 5.37) (0.93 4.64 6.54) (7.51 5.04 6.04) (7.41 3.13 9.36) (6.2 3.11 0.03) (6.71 5.37 3.99) (5.01 0.99 6.75) (8.32 5.97 5.25) (5.99 3.93 7.29) (3.62 8.55 0.04) (0.99 9.12 7.95) (9.71 3.81 0.02) (1.11 6.37 8.11) (2.07 7.16 5.18) (0.03 7.58 1.13) (3.42 4.07 1.58) (6.16 8.72 5.6) (1.84 1.75 0.76) (8.06 8.27 5.31) (2.57 3.38 4.38) (7.81 9.19 0.99) (1.2 6.56 9.12) (9.6 8.34 0.25) (6.27 7 7.29) (7.22 1.29 5.69) (6.15 8.4 1.77) (2.16 9.92 9.27) (6.45 3.76 1.46) (5.58 8.01 8.23) (4.21 3.62 0.07) (0.8 2.92 8.99) (5.79 6.07 6.33) (8.3 9.31 4.67) (0.02 2.9 2.48) (8.19 3.49 7.33) (8.32 4.32 8.44) (2.52 0.1 6.4) (9.35 8.52 9.24) (8.67 9.04 8.16) (8.66 4.87 0.31) (4.6 8.35 7.55) (5.12 9.33 3.59) (1.07 0.84 7.28) (0.25 5.36 8.86)
bool 81 (0 0 1) (1 1 0) (1 1 0) (1 0 1) (0 0 1) (1 0 1) (0 0 0) (1 1 1) (0 0 1) (0 0 0) (1 0 1) (0 0 1) (0 0 1) (1 0 1) (1 1 1) (1 1 1) (0 0 0) (0 1 0) (1 1 1) (0 1 0) (0 1 0) (0 1 1) (1 1 0) (0 0 0) (0 0 0) (0 1 0) (1 0 1) (1 0 0) (0 0 1) (1 1 1) (1 1 0) (0 1 1) (1 1 0) (0 1 0) (1 1 1) (0 0 0) (1 1 0) (0 1 1) (0 0 0) (0 1 0) (1 1 0) (1 1 0) (1 0 0) (1 1 0) (1 0 1) (0 1 0) (1 1 1) (0 1 1) (1 1 0) (1 0 0) (0 1 0) (0 0 1) (0 0 1) (0 1 0) (0 1 0) (1 1 1) (1 0 0) (0 1 1) (1 1 0) (0 0 0) (1 1 0) (0 0 1) (1 1 0) (1 1 0) (1 1 1) (0 0 0) (1 1 1) (0 1 0) (0 0 0) (0 0 0) (0 1 1) (1 0 0) (1 1 0) (1 0 0) (1 0 0) (1 1 0) (0 0 1) (1 1 0) (1 0 0) (0 1 0) (0 0 0)
char 83 (i k b) (m d m) (g i t) (t t f) (j d c) (i q r) (o s l) (d b k) (s f n) (s n k) (j p s) (g e m) (t h f) (c f g) (k j f) (m j i) (q t j) (l h t) (e m b) (c r m) (b q p) (n l o) (g t b) (k t t) (g s t) (h s o) (j s d) (q d m) (m f d) (d i m) (o r r) (a g n) (f n j) (o r m) (d t r) (t c j) (h e f) (l f a) (i o p) (n g h) (g h h) (c t n) (g b o) (d c p) (p p g) (b s f) (f f j) (s h l) (m q m) (b f l) (e d n) (f d k) (a h e) (a t p) (n d c) (m f e) (d r s) (n t i) (s t p) (m d t) (c r i) (s c m) (d b q) (e f r) (j o k) (r n d) (n h q) (c n h) (k d n) (o i t) (k b e) (p o e) (n t t) (b t k) (g k b) (b d i) (d q p) (b e i) (d n j) (q r m) (i o k) (l h m) (a s c)
int 84 (59 54 27) (69 34 68) (84 30 51) (39 5 92) (90 88 90) (28 44 46) (95 48 23) (91 55 35) (80 72 26) (60 34 40) (71 14 8) (77 17 20) (15 5 80) (34 25 52) (63 89 50) (72 48 91) (34 23 76) (13 96 16) (77 95 56) (54 15 87) (65 31 94) (33 4 55) (62 72 65) (52 68 70) (25 20 75) (43 20 44) (83 25 23) (38 64 66) (9 61 93) (35 96 22) (22 22 62) (19 42 67) (42 55 89) (53 79 36) (76 39 89) (38 87 83) (48 80 92) (64 94 74) (28 51 85) (89 15 66) (50 38 32) (78 36 78) (85 96 74) (89 55 14) (33 68 48) (54 37 46) (27 85 54) (9 25 91) (40 15 25) (79 54 82) (16 70 15) (96 77 17) (56 41 60) (15 74 84) (70 28 38) (48 90 57) (9 89 79) (78 91 83) (48 41 61) (54 91 94) (30 26 48) (20 17 29) (73 5 75) (34 78 70) (99 93 59) (8 46 65) (12 80 82) (40 70 58) (86 70 70) (70 41 25) (41 34 92) (16 15 43) (96 15 43) (93 31 78) (72 89 1) (82 14 46) (78 13 34) (11 92 17) (60 85 51) (2 9 75) (71 68 89) (60 9 33) (19 23 39) (53 27 13)
double 84 (8.97 5.33 1.21) (3.07 3.19 8.34) (0.43 7.62 8.2) (2.28 2.75 3.35) (9.11 9.1 0.67) (3.92 5.88 9.37) (5.78 8.89 3.07) (8.45 5.33 2.75) (9.81 8.85 4.83) (8.59 2.04 5.3) (6.21 1.56 9.09) (7.66 8.51 9.98) (8.64 9.23 7.55) (7.5 4.92 3.41) (5.15 3.66 4.48) (4.48 1.89 1.07) (0.39 4.78 9.94) (1.34 6.93 2.45) (1.62 9.39 3.78) (5.07 2.37 4.68) (2.56 6.79 2.69) (2.25 8.36 6.02) (2.89 6.35 0.73) (0.89 3.79 9.48) (6.71 2.85 6.84) (4.29 6.54 8.21) (4.13 4.81 3.27) (1.35 9.17 5.77) (3.35 0.9 2.99) (0.01 4.91 3.41) (8.33 1.97 3.97) (6.1 4.63 1.36) (9.01 3.49 3.14) (7.41 0.74 2.06) (2.26 2.39 9.44) (6.64 0.02 5.77) (9.43 9.35 3.76) (2.35 5.71 4.15) (3.94 3.48 2.28) (1.94 7.85 2.76) (6.11 7.73 0.84) (3.32 0.44 2.02) (4.48 4.84 3.62) (3.52 6.95 1.74) (9.88 5.93 6) (9.7 6.27 2.85) (9.11 1.51 6.9) (5.14 9.91 5.37) (7.95 3.14 3.09) (0.59 7.67 1.48) (4.13 5.39 1.28) (1.81 0.23 0.97) (4.47 1.1 4.8) (1.09 1.96 4.88) (9.39 9.58 5.86) (1.47 6.69 0.41) (3.95 8.45 7.81) (1.11 3.31 8.95) (2.17 8.15 2.16) (5.6 9.26 7.61) (6.27 9.41 7.95) (6.57 7.13 8.88) (9.61 7.99 2.21) (2.04 0.15 9.45) (7.95 7.51 1.05) (4.52 0.12 9.8) (8.93 9.85 6.18) (2.88 8.29 5.5) (3.6 1.88 8.72) (2.45 2.9 3.45) (1.18 1.42 5.21) (8.69 1.67 8.74) (7.74 0.84 2.08) (4.31 1.81 1.75) (1.33 7.22 2.61) (5.09 5.55 9.02) (1.62 0.27 2.22) (1.75 0.48 8.69) (3.75 6 1.74) (8.56 7.27 2.4) (2.95 6.45 5.74) (8.11 4.83 1.01) (1.48 2.98 9.1) (5.77 3.3 1.79)
int 84 (61 11 27) (96 42 69) (67 16 99) (56 41 92) (71 69 50) (18 81 94) (12 89 18) (53 55 40) (13 5 69) (59 10 16) (72 93 75) (34 95 86) (98 60 88) (97 43 34) (33 60 73) (9 88 59) (90 28 44) (83 58 56) (37 34 72) (63 3 8) (17 66 39) (5 37 21) (90 44 97) (53 84 13) (3 95 19) (9 90 21) (92 79 53) (59 9 13) (63 26 73) (53 93 95) (42 1 97) (8 72 72) (70 67 31) (95 39 21) (23 32 66) (61 13 93) (7 89 58) (84 4 1) (74 55 10) (56 39 95) (56 18 69) (92 92 86) (57 51 34) (83 50 37) (35 6 25) (48 90 62) (77 68 40) (16 45 88) (99 93 40) (6 87 90) (33 94 97) (75 21 37) (3 56 85) (29 51 58) (2 39 17) (82 71 30) (70 9 66) (42 93 99) (52 16 89) (47 60 93) (93 4 84) (67 55 46) (14 13 88) (83 80 95) (33 43 63) (62 19 16) (11 24 54) (70 47 25) (63 93 37) (12 48 58) (81 11 29) (6 11 5) (73 78 12) (17 22 40) (4 60 58) (73 26 3) (11 58 81) (78 80 32) (41 11 65) (61 74 20) (73 10 48) (44 12 29) (20 70 57) (94 33 16)
int 85 (87 85 25) (10 16 51) (18 34 82) (31 15 46) (55 97 52) (36 8 38) (99 28 62) (82 36 43) (48 70 42) (57 70 33) (55 76 56) (52 18 34) (44 86 34) (25 35 71) (51 57 26) (61 92 39) (37 8 51) (33 53 16) (53 32 70) (95 92 43) (22 12 66) (81 63 5) (17 20 84) (74 39 95) (45 35 77) (59 5 37) (15 29 44) (84 91 65) (3 83 89) (18 9 13) (21 13 50) (9 89 19) (41 69 47) (58 42 98) (43 19 74) (64 48 69) (82 83 56) (37 8 50) (80 41 91) (11 29 92) (21 1 34) (52 60 8) (99 89 57) (44 49 4) (4 38 29) (20 68 36) (62 97 68) (80 54 27) (88 71 53) (25 14 53) (70 68 15) (47 6 9) (3 16 89) (23 63 44) (23 57 82) (92 54 3) (38 62 76) (70 2 88) (89 72 3) (79 67 15) (18 48 79) (14 46 12) (11 94 54) (7 15 2) (97 51 56) (31 83 82) (10 34 51) (71 33 59) (19 53 75) (40 29 80) (42 46 38) (84 87 84) (39 5 68) (53 41 65) (45 58 96) (77 21 20) (62 10 97) (30 60 11) (13 69 38) (85 28 23) (88 56 34) (50 94 93) (18 60 2) (98 21 60) (60 54 11)
bool 86 (0 1 0) (1 0 0) (1 0 1) (1 1 1) (1 0 0) (0 0 0) (0 1 0) (1 0 0) (1 0 1) (0 0 1) (1 0 0) (0 0 0) (0 1 1) (0 1 0) (0 1 1) (1 1 0) (1 0 0) (1 0 1) (1 0 0) (0 1 1) (0 0 0) (0 0 1) (1 1 0) (0 0 1) (1 0 1) (0 0 0) (0 1 1) (1 0 0) (0 1 0) (0 1 0) (1 0 0) (0 1 0) (0 0 0) (0 0 0) (1 1 1) (0 0 0) (1 0 0) (1 0 0) (0 1 1) (0 0 0) (0 1 1) (1 0 1) (0 0 0) (1 0 1) (1 0 0) (0 0 0) (0 1 0) (1 1 1) (0 1 1) (0 0 1) (0 0 0) (0 1 0) (0 0 1) (0 0 0) (0 0 1) (0 1 1) (0 1 1) (1 0 1) (1 1 1) (1 0 1) (0 0 1) (0 1 1) (0 1 0) (1 1 0) (0 1 1) (0 1 1) (1 0 0) (0 1 1) (0 1 1) (1 1 1) (0 0 0) (1 0 0) (0 1 1) (0 0 0) (1 0 1) (0 1 0) (0 0 1) (0 0 1) (0 1 0) (1 1 1) (1 1 0) (0 1 1) (0 1 0) (1 0 1) (1 0 1) (1 1 1)
double 87 (5.7 5.39 0.4) (6.78 9.21 2.09) (6.1 1.83 4.57) (1.01 4.95 8.72) (8.19 9.96 5.86) (7.12 1.7 9.39) (6.91 7.42 5.48) (5.06 6.7 8.32) (5.06 5.11 0.61) (2.16 8.24 1.82) (7.78 4.52 2.3) (4.88 2.23 4.97) (9.77 1.87 8.26) (9.66 4.37 6.96) (6.48 7.78 1.11) (6.07 6.31 6.85) (6.97 4.44 3.11) (3.87 3.1 2.15) (8.08 8.19 3.41) (8.79 7.43 7.74) (0.65 6.75 1.27) (9.3 7.13 7.84) (1.92 5.83 3.51) (1.96 8.65 7.71) (8.73 8.47 5.34) (7.25 8.69 6.82) (8.14 3.02 4.65) (1.92 2.57 6.12) (5.98 9.3 4.46) (1.71 3.12 8.67) (0.61 0.38 3.12) (4.34 7.57 3.13) (0.63 8.79 4.88) (7.5 2.73 0.43) (0.14 9.45 7.61) (1.05 0.84 2.67) (2.19 9.99 2.53) (9.63 9.54 1.78) (9.61 0.11 4.22) (0.54 4.46 9.42) (2.51 1.41 8.24) (1.89 7.58 3.59) (1.87 2.69 6.88) (3.05 9.95 3.38) (1.34 3.85 8.68) (3.69 5.15 2.52) (5.31 7.5 3.72) (6.51 1 3.35) (5.02 6.26 4.88) (7.98 4.14 3.57) (1.56 7.55 8.66) (0.56 1.64 0.46) (1.2 0.96 8.47) (5.02 6.66 9.55) (1.56 9.22 7.67) (7.22 6.38 6.89) (0.5 3.98 5.53) (1.84 8.48 2.89) (7.24 4.46 4.42) (5.01 2.31 6.47) (8.2 8.93 0.91) (5.92 5.97 4.85) (2.31 1.74 5.59) (0.25 8.18 0.06) (6.65 3.13 1.09) (6.19 7.37 7.04) (3.76 5.96 2.29) (9.13 6.06 7.75) (1.72 3.96 0.82) (2.64 0.01 0.3) (7.18 5.12 1.89) (3.15 6.13 9.04) (5.32 8.68 6.62) (4.97 5.47 4.87) (1.71 4.71 8.32) (4 0.42 3.9) (9.41 7.5 8.84) (5.22 2.27 4.98) (4.14 0.4 1.47) (9.77 1.97 9.48) (5.98 7.97 1.32) (6.18 0.77 4.9) (7.16 1.28 4.04) (2.25 3.78 4.79) (6.59 2.62 0.71) (9.85 4.37 3.53) (0.34 9.7 0.61)
int 87 (62 43 13) (69 42 87) (21 52 94) (25 18 41) (55 92 90) (70 75 43) (28 41 17) (32 44 60) (11 73 52) (75 92 93) (1 29 2) (81 32 11) (18 14 56) (27 1 24) (42 45 31) (8 2 49) (97 68 62) (34 39 12) (25 95 96) (76 10 67) (94 33 61) (92 66 79) (75 39 10) (89 39 44) (62 42 60) (17 41 31) (27 23 38) (54 23 4) (17 93 21) (9 5 44) (22 49 36) (53 15 58) (47 96 84) (20 76 90) (95 54 27) (61 75 98) (50 23 91) (43 98 81) (55 86 41) (15 87 19) (34 85 54) (77 22 33) (60 16 29) (47 70 79) (72 55 73) (59 64 34) (41 21 68) (32 54 9) (48 96 76) (71 10 48) (64 44 52) (73 79 15) (72 17 70) (48 72 76) (65 33 96) (36 80 98) (32 90 76) (10 18 66) (74 89 62) (53 5 62) (63 40 96) (43 91 18) (30 25 42) (61 85 59) (20 1 84) (93 55 6) (23 90 91) (8 15 24) (60 51 84) (81 88 99) (76 43 42) (22 70 81) (26 87 84) (78 17 18) (17 6 15) (29 92 81) (88 80 17) (51 43 32) (33 39 44) (7 24 87) (82 54 31) (34 97 96) (60 28 9) (95 50 76) (98 52 96) (38 61 25) (91 35 23)
char 88 (b t m) (p r o) (s n o) (i a r) (h k g) (p d k) (h r o) (d o k) (d c a) (j i e) (f j i) (j c i) (n t r) (k a m) (r b k) (m p j) (s q t) (p d c) (a n f) (r h h) (f a k) (b e o) (n m f) (m e q) (l s h) (c c q) (k k a) (m d e) (g i g) (o k d) (a j e) (l j l) (h r j) (j q m) (d h k) (e p k) (c l i) (o h t) (n c t) (o m p) (p e g) (a i e) (m r o) (j e j) (m f l) (r p e) (g j h) (a s b) (e t b) (o p g) (a l b) (f s g) (b p o) (g a p) (c m e) (n p n) (o i n) (r l m) (c t e) (t r c) (g f i) (s t s) (o b s) (f o i) (k h q) (a l m) (m n g) (o a n) (b k a) (m f g) (c t q) (k h k) (r g q) (e m o) (f m e) (t c t) (l s c) (e b f) (m t q) (f i c) (l c l) (s i o) (h i b) (g k q) (b m f) (q l p) (q s m) (e j p)
char 92 (g j a) (m b q) (n f q) (s e r) (s n r) (s a e) (a d f) (q l j) (l l j) (j m p) (s p g) (j h q) (e p e) (k d j) (n m s) (t i e) (d o s) (f o o) (h o p) (m p h) (l l r) (g h b) (k c m) (l n i) (i m h) (s c e) (t a l) (d l p) (t f s) (k g l) (j b h) (p a f) (a h k) (s h r) (j r e) (p l o) (c i t) (k b q) (e a l) (k b k) (k m k) (g l j) (q g i) (f j g) (a t q) (s o j) (d q k) (o s o) (a g p) (t g g) (l t d) (n a o) (c k s) (p f g) (h l i) (m m h) (j f r) (g q a) (m g r) (d d d) (e f i) (i r h) (d n d) (i m d) (h j f) (c m d) (i p i) (b o g) (s n e) (i o o) (s e k) (b r k) (p t n) (f e a) (k k f) (p t o) (l o m) (r p b) (r f q) (d s g) (b b e) (r p b) (b e g) (k t s) (d i i) (o s t) (b m k) (j r m) (q t l) (j i m) (r m j) (p d o)
double 94 (4.24 5.08 9.71) (8.47 5.38 4.54) (5.07 7.84 4.69) (8.29 9.77 5.64) (1.66 0.07 4.7) (0.62 5.35 7.33) (2.9 8.22 2.84) (0.64 9.84 6.08) (7.72 4.69 3.25) (9.92 3.72 7.66) (3.67 2.57 1.91) (4.25 4.14 3.35) (2.46 4.57 2.24) (5.5 9.19 5.17) (2.67 4.56 2.3) (5.47 4.11 3.64) (8.76 0.03 0.35) (8.56 8.21 6.03) (2.05 3.08 0.21) (7.86 8.24 0.6) (7.63 0.8 1.51) (8.5 6.13 1.96) (3.52 4.44 0.13) (5.83 9.89 6.65) (2.02 4.4 4.79) (2.69 6.98 1.79) (8.8 2.57 3.61) (7.72 6.94 0.48) (5.28 5.23 4.99) (3.9 8.85 1.33) (3.84 4.88 1.6) (5.53 6.23 3.25) (7.68 8.4 9.51) (1.99 6.5 3.93) (7.92 9.98 2.43) (4 4.63 9.15) (8.19 9.86 6.62) (7.41 6.41 3.87) (7.42 4.21 8.4) (6.69 0.02 1.97) (5.83 4.49 3.44) (7.03 2.53 1.87) (8.28 8.14 5.07) (1.85 8.4 0.25) (2.15 4.63 3.75) (1.79 0.68 0.3) (7.6 8.58 6.58) (6.11 1.22 3.14) (7.86 4.42 3.77) (9.75 9.16 2.14) (9.12 4.18 3.88) (9.32 4.62 9.31) (1.64 7.35 6.2) (2.83 9.42 1.19) (7.85 1.72 3.53) (0.52 2.42 9.28) (8.78 4.92 4.29) (4.16 2.97 6.42) (2.57 3.75 7.15) (0.64 9.6 1.74) (7.78 3.1 1.11) (7.38 9.79 4.84) (1.95 0.14 2.2) (7.74 4.84 4.21) (1.17 5.88 4.77) (8.45 4.82 9.81) (3.89 3.68 3.11) (3.46 1.48 4.78) (2.53 7.69 0.99) (9.87 3.52 7.79) (0.74 0.74 7.34) (5.69 9.94 9.94) (7.46 7.37 7.74) (0.09 0.79 5.95) (8.05 1.33 6.1) (5.94 0.63 2.25) (2.32 3.55 0.67) (7.5 3.35 8.68) (5.57 3.47 9.12) (7.28 8.97 2.14) (5.35 7.6 6.83) (4.42 0.66 9.35) (9.99 0.05 9.71) (1.84 6.12 5.92) (9.11 8.64 1.85) (3.63 2.4 0.65) (3.29 9.71 3.78) (9.39 8.33 1.11) (5.19 3.92 8) (1.02 6.77 8.23) (1.74 6.15 5.89) (1.81 8.69 9.67) (0.06 7.6 6.25) (0.25 2.16 6.64)
double 95 (9.3 3.25 5.81) (1.2 7.29 2.51) (8.62 8.93 4.3) (9.37 4.39 5.19) (9.71 4.8 5.6) (0.07 7.28 6.27) (7.84 3.89 4.14) (3.84 1.74 0.32) (1.17 6.49 5.43) (3.92 6.16 4.63) (7.84 0.35 6.93) (4.01 6.08 3.64) (4.85 2.8 4.39) (2.42 1.44 6.91) (6.55 8.56 3.35) (6.21 0.83 5.34) (8.09 9.85 3.03) (3.28 7.24 1.83) (4.35 3.72 3.22) (1.14 9.83 3.06) (7.18 0.71 4.73) (6.91 2.82 0.51) (2.22 9.96 8.48) (1.02 6.07 1) (7.59 6.22 0.83) (8.59 5.34 5.45) (3.94 6.42 3.77) (5.15 6.06 5.25) (7.28 6.37 8.33) (7.56 3.36 8.62) (9.66 4.17 9.27) (1.43 7.61 4.9) (4.97 8.43 7.2) (0.76 3.36 8.61) (2.12 0.14 8.9) (4.31 9.57 1.35) (9.62 6.77 4.45) (3.03 6.22 4.44) (9.55 8.05 5.29) (8.8 8.85 2.57) (8.49 0.2 8.04) (6.82 4.4 6.82) (3.99 9 5.87) (1.52 2.2 8.29) (8.35 1.73 9.57) (3.05 4.14 2.92) (5.61 2.3 4.7) (2.98 4.73 7.26) (5.06 3.34 4.2) (0.49 9.01 0.41) (2.14 7.14 8.42) (2.85 3.56 9.17) (1.62 7.32 6.64) (5.55 0.33 2.03) (3.6 5.08 4.84) (5.88 0.6 9.62) (6.95 7.51 2.28) (2.02 2.79 6.86) (2.51 0.12 0.75) (5.01 9.81 1.39) (7.91 1.43 3.62) (1.94 4.89 1.36) (7.57 2.9 5.82) (5.45 7.06 1.77) (0.47 1.99 9.48) (9.69 7.5 9.04) (2.4 9.46 2.69) (7.83 5.63 7.06) (2.96 2.47 5.46) (4.29 1.87 4.38) (9.13 0.83 3.43) (0.5 8.56 9.99) (8.94 5.31 1.31) (4.14 5.15 0.43) (8.72 3.99 2.96) (7.54 1.51 8.49) (6.47 3.81 4) (8.14 5.72 2.16) (5.37 7.49 4.7) (2.25 1.68 6.45) (0.08 4.24 1.62) (6.55 6.47 0.91) (1.54 6.63 2.73) (0.89 9.75 9.93) (9.01 2.82 1.33) (6.74 4.74 4.51) (6.44 5.9 8.59) (1.64 2.86 8.91) (9.5 2.2 0.54) (7.14 7.8 1.72) (5.86 9.22 1) (7.38 8.67 7.96) (1.02 4.23 3.8) (8.84 2.62 2.88) (5.57 6.77 9.43)
bool 95 (1 1 0) (1 0 1) (1 1 1) (1 1 0) (0 0 1) (1 1 1) (1 0 1) (0 0 0) (0 0 1) (0 0 0) (1 0 0) (0 0 1) (0 0 1) (0 1 0) (0 1 1) (0 1 1) (1 1 0) (1 0 1) (0 0 1) (0 1 0) (1 0 0) (0 0 0) (1 0 0) (0 0 0) (1 1 1) (1 1 1) (0 0 1) (1 0 1) (0 0 1) (0 1 1) (1 0 0) (0 1 1) (0 0 0) (1 0 1) (0 1 0) (1 1 0) (1 1 0) (0 0 1) (0 0 0) (0 0 1) (1 0 0) (1 1 1) (0 1 1) (0 0 0) (0 1 1) (1 0 1) (0 1 0) (0 0 1) (1 1 1) (0 0 0) (0 1 0) (1 0 0) (1 0 1) (1 0 1) (1 0 1) (1 0 0) (1 1 1) (1 1 0) (1 1 1) (1 0 1) (1 0 1) (1 0 0) (0 0 0) (1 1 0) (1 0 1) (0 1 0) (0 0 1) (0 1 1) (1 0 1) (0 0 1) (1 1 1) (0 1 0) (1 1 0) (1 1 0) (0 0 0) (0 1 1) (1 1 1) (0 1 1) (1 0 0) (0 1 1) (1 1 0) (1 1 1) (1 0 1) (0 1 0) (0 0 1) (0 0 0) (1 0 1) (1 0 0) (1 0 1) (1 1 1) (0 1 1) (0 1 1) (0 1 0) (1 0 0) (1 1 0)
char 97 (s n m) (f g t) (n l t) (d s k) (s n r) (c b g) (p a n) (f f a) (q t g) (g e k) (i n s) (d h a) (f r t) (f o q) (a q q) (n o n) (q m i) (d a k) (b i n) (e m m) (d m c) (l e p) (t k l) (q t k) (p g f) (f l f) (j t o) (n q t) (a r b) (i g m) (c b g) (j g g) (f e s) (d j k) (g s o) (n i i) (k e d) (j e f) (h n t) (s c m) (g s t) (j k t) (i p a) (g c k) (m q t) (c a b) (s p g) (j b d) (a c l) (k t b) (m p c) (k q a) (k a f) (l s m) (f g r) (i c l) (q n c) (b t d) (m b b) (s q h) (g r g) (f q s) (i j j) (q e n) (r r i) (n n j) (d i t) (p c p) (d h o) (s m h) (m b m) (d p t) (j e r) (k j s) (i k m) (h i e) (r b o) (m b e) (k f e) (o m g) (a d e) (m l b) (s a p) (i e m) (m c r) (g t r) (q i r) (k e t) (a b b) (p c p) (f e j) (m d q) (q c q) (q m p) (h f a) (f o o) (b q c)
int 97 (96 87 14) (43 64 75) (58 37 11) (61 55 48) (92 51 96) (95 52 82) (43 89 75) (35 60 40) (23 75 1) (82 41 72) (35 85 13) (20 69 20) (30 44 43) (85 41 89) (98 67 86) (99 26 99) (15 87 54) (59 13 31) (28 83 24) (61 70 88) (83 89 99) (9 20 82) (10 66 32) (12 36 46) (5 82 29) (19 38 79) (35 18 30) (16 52 51) (15 64 15) (69 95 12) (92 61 97) (76 78 75) (36 73 92) (32 72 90) (54 58 37) (8 66 69) (39 97 56) (34 56 81) (57 24 29) (25 15 88) (26 61 6) (11 84 6) (70 6 23) (91 26 39) (65 77 8) (2 66 92) (64 52 6) (17 96 56) (60 72 37) (22 6 50) (40 79 62) (40 23 44) (91 2 15) (87 5 67) (1 56 86) (4 18 74) (66 26 68) (52 32 8) (16 77 55) (54 33 52) (37 13 60) (85 8 98) (78 66 2) (3 41 93) (50 51 69) (34 28 77) (97 44 51) (48 24 92) (63 30 79) (20 37 86) (28 50 18) (73 49 45) (51 20 62) (89 47 16) (49 8 6) (40 76 73) (61 78 82) (81 92 69) (21 59 15) (56 84 74) (81 67 78) (40 16 19) (60 10 25) (29 30 69) (49 92 37) (27 92 13) (9 66 39) (56 25 22) (14 23 42) (37 85 64) (53 26 27) (6 9 14) (37 99 15) (27 50 79) (11 2 69) (94 78 76) (99 23 69)
double 98 (0.46 4.08 6.37) (7.73 6.29 9) (4.37 8.83 1.42) (7.12 6.11 2.43) (3.13 3 3.28) (0.97 2.71 0.06) (8.9 7.28 5.44) (6.82 0.25 4.24) (1.3 3.72 6.86) (1.43 9.93 3.5) (3.83 0.73 2.72) (9.8 7.01 8.1) (6.6 6.07 6.27) (8.28 9.69 0.07) (3.4 6.26 4.3) (3.56 4.03 0.19) (1.4 7.52 4.25) (9.28 2.81 9.81) (7.83 6.18 6.6) (5.02 4.08 8.24) (8.72 2.77 9.14) (1.46 5.37 7.94) (6.9 7.97 6.11) (7.34 0.96 3.85) (4.25 9.32 7.29) (7.22 7.87 4.04) (6.8 1.41 4.84) (9.38 6.49 1.7) (5.96 6.77 0.24) (0.21 0.01 8.81) (1.2 5.17 3.61) (6.46 2.03 7.38) (1.56 9.53 3.99) (1.64 5.55 6.24) (1.59 7.91 2.18) (3.76 9.22 9.52) (5.66 0.28 3.64) (5.44 5.95 8.17) (8.66 4.87 6.87) (8.7 8.35 6.43) (5.38 6.06 4.07) (8.96 4.49 6.98) (9.35 5.22 9.21) (2.8 0.46 4.8) (4.58 4.79 3.14) (7.16 4.91 6.01) (1.26 2.69 9.49) (9.11 8.75 2.6) (3.81 6.78 1.32) (0.92 5.33 2.16) (7.39 5.94 4.79) (6.04 4.38 7.93) (6.34 1.08 9.33) (1.65 4.56 1.88) (5.57 1.67 8.12) (4.89 8.09 2.94) (8.19 7.37 8.73) (6.09 2.69 5.27) (8.51 1.87 5.07) (9.9 7.35 9.18) (2.73 8.94 5.91) (1.17 7.83 8.85) (6.96 7.17 6.16) (8.02 5.69 8.01) (7.71 7.92 4.3) (6.37 2.58 9.07) (0.11 5.64 4.48) (0.43 2.76 9.17) (5.29 3.45 6.62) (2.68 3.82 6.5) (1.41 2.54 7.69) (2.13 7.7 7.69) (3.75 6.79 6.42) (1.63 9.51 2.81) (8.77 7.87 8.26) (8.95 2.14 3.77) (4.97 2.73 5.14) (7.63 7.71 3.2) (6.88 4.45 4.96) (3.35 5.44 3.66) (3.11 0.56 3.23) (0.54 5.82 0.58) (8.02 5.64 1.57) (6.25 8.81 5.65) (3.16 0.69 5.63) (6.82 0.57 5.36) (7.55 7.31 4.26) (8.59 9.88 4.73) (5.19 9.94 3.19) (7.83 2.18 8.88) (6.12 3.2 9.29) (8.12 3.3 5.14) (2.51 0.68 1.34) (2.67 8.27 4.75) (3.17 6.74 6.91) (9.57 9.98 6.08) (6.63 8.34 2.12) (1.19 4.9 4.45)
bool 101 (1 0 0) (1 0 1) (1 0 1) (1 1 0) (0 0 0) (1 0 1) (1 1 1) (1 0 0) (1 1 0) (1 0 1) (1 0 1) (1 0 1) (0 0 0) (1 1 1) (0 1 1) (0 1 0) (0 1 0) (1 1 1) (1 0 0) (0 1 1) (0 1 0) (0 0 1) (1 0 0) (0 1 1) (1 1 0) (0 1 1) (0 1 1) (1 1 1) (0 0 0) (0 1 1) (0 0 1) (1 0 0) (0 0 1) (0 1 1) (1 1 1) (0 0 0) (0 1 0) (0 1 0) (1 1 0) (1 0 1) (0 0 1) (0 0 1) (1 0 0) (1 0 1) (0 1 1) (0 0 0) (0 0 1) (0 1 0) (1 1 1) (0 1 1) (0 0 0) (0 1 1) (0 0 1) (0 0 1) (0 1 1) (1 0 0) (0 1 0) (0 1 0) (0 1 1) (0 1 1) (1 0 0) (1 0 1) (1 0 1) (1 0 1) (0 1 0) (0 1 1) (0 0 1) (0 0 1) (0 0 1) (1 1 1) (1 0 0) (1 0 1) (1 0 0) (0 1 1) (0 0 0) (1 0 0) (1 0 0) (1 0 1) (1 1 1) (0 1 0) (0 1 1) (0 0 0) (1 1 1) (0 0 0) (1 1 1) (1 1 0) (0 1 1) (0 0 0) (0 1 1) (1 1 1) (1 0 1) (0 0 0) (0 1 0) (0 0 0) (1 0 0) (1 0 0) (1 0 0) (1 0 0) (1 0 0) (0 0 1) (0 0 1)
char 103 (e r k) (c q r) (t k s) (h m g) (s d b) (p r q) (p o o) (s h g) (m h d) (s r t) (d i r) (s q i) (p a b) (t s p) (s m h) (r q f) (t l t) (d f b) (n r r) (l k d) (l i j) (h q t) (h s q) (r m o) (a q t) (g a g) (g o l) (r l p) (d a m) (d r o) (s a h) (k f c) (a p i) (r p h) (l m b) (q t g) (h q e) (p j q) (m g q) (q q m) (e g i) (k i c) (n i n) (p q p) (t t d) (t t o) (j l t) (l n l) (i q s) (h e k) (e o l) (r g p) (i l h) (s l g) (l a t) (l j m) (o b r) (f r q) (d k i) (f d n) (g q h) (i h m) (f a d) (m g q) (d f g) (t b e) (c l s) (o e f) (g i e) (q k o) (c a k) (a r h) (k k f) (o d i) (l d l) (n o i) (o p n) (k f s) (g b d) (h p d) (a m q) (i a j) (o l o) (m b p) (f o c) (d j m) (m a f) (c o f) (n c o) (i b a) (s k j) (b s r) (o k d) (k c k) (i f o) (d h g) (k m f) (j e d) (g i f) (j c m) (g k m) (s d g) (p m i)
int 103 (52 64 20) (35 59 98) (36 98 74) (59 52 41) (21 10 65) (30 32 22) (47 49 87) (75 59 92) (41 88 8) (9 28 7) (72 17 52) (51 32 99) (21 3 32) (66 66 11) (62 50 38) (23 6 76) (40 95 87) (28 52 16) (48 79 16) (65 83 59) (15 13 73) (84 34 95) (68 81 24) (38 10 58) (50 76 96) (21 35 34) (51 98 22) (84 17 27) (84 50 35) (22 54 5) (72 30 17) (80 13 71) (19 84 95) (84 85 41) (5 30 85) (16 90 4) (50 62 1) (87 81 72) (64 9 57) (14 74 33) (38 45 18) (83 78 11) (98 98 5) (75 34 26) (31 42 61) (76 4 91) (50 3 19) (52 69 8) (2 89 96) (28 88 27) (53 99 99) (25 64 99) (34 90 39) (65 65 8) (9 82 93) (48 80 59) (25 15 9) (16 75 39) (39 9 23) (24 85 58) (87 7 83) (79 38 43) (76 45 44) (9 33 24) (8 22 67) (70 27 51) (90 11 77) (38 45 87) (71 28 45) (94 78 31) (29 17 11) (92 66 70) (99 11 1) (28 60 58) (14 46 2) (65 43 52) (39 99 36) (90 46 21) (35 79 41) (13 16 94) (45 72 78) (79 51 46) (67 34 79) (56 16 69) (17 87 17) (62 25 55) (9 33 31) (48 97 63) (81 7 77) (85 12 60) (73 26 7) (80 26 26) (10 94 44) (62 30 43) (78 63 6) (56 46 86) (86 30 61) (72 98 46) (37 15 9) (69 80 15) (1 9 84) (61 51 79) (71 52 89)
char 103 (n l b) (q m k) (n h h) (t b i) (h e h) (d p s) (o e o) (p l l) (n p k) (b n s) (o c q) (s t b) (r h o) (o s a) (e h p) (p m o) (k t a) (j o p) (o a g) (b i h) (j p f) (l t c) (i n s) (r p s) (g b l) (p s j) (k n c) (h c h) (i a m) (a a k) (k h k) (s s r) (m r a) (g d g) (m n q) (s e o) (p g s) (f q s) (q e f) (c r h) (g n a) (e g j) (s f n) (h h s) (a k l) (d h j) (k q e) (o o k) (b a h) (t m c) (h s l) (p t g) (p l f) (p d q) (c n d) (e i d) (l s b) (m t e) (o h b) (n h b) (n s f) (i t q) (f j h) (b g l) (s i r) (k o s) (b t f) (s l p) (r m s) (k n c) (m d l) (d i o) (f o e) (t p q) (m f h) (g n j) (b r e) (a e l) (j h n) (e a d) (i c a) (o s n) (n p a) (f o b) (p m h) (q f a) (i n m) (p q b) (f l g) (j a t) (j k t) (f n r) (e r a) (n o i) (k a d) (o h h) (k a q) (e l c) (h k g) (d h f) (g m j) (r d g) (d b n)
bool 107 (0 1 0) (0 0 0) (1 0 1) (1 0 1) (0 0 0) (1 1 1) (1 1 0) (0 0 0) (0 1 0) (0 0 0) (1 1 1) (0 0 1) (0 0 1) (1 0 0) (1 0 0) (1 0 0) (1 0 1) (1 1 1) (1 1 1) (0 1 1) (0 1 0) (1 1 1) (0 0 0) (1 1 1) (1 1 1) (0 0 0) (1 0 1) (0 1 1) (0 1 1) (0 0 1) (1 0 1) (0 1 1) (0 1 0) (1 0 0) (1 1 1) (1 1 0) (0 1 0) (1 0 0) (0 0 0) (1 0 1) (0 0 1) (0 1 0) (1 0 1) (1 0 1) (1 1 1) (0 0 0) (0 0 1) (0 0 0) (1 1 1) (0 0 0) (1 0 0) (0 1 1) (0 0 0) (1 0 1) (1 0 1) (1 1 1) (1 1 0) (0 0 0) (1 0 1) (0 1 1) (1 0 0) (1 0 1) (0 1 0) (0 1 1) (0 0 0) (0 1 1) (1 1 0) (0 0 1) (0 0 0) (0 0 0) (1 0 0) (0 1 1) (1 1 0) (0 0 0) (1 1 0) (0 0 1) (1 1 1) (1 1 1) (1 1 1) (1 1 0) (0 0 1) (0 1 0) (0 1 0) (0 0 0) (1 1 1) (1 1 0) (1 1 0) (0 1 0) (1 0 1) (1 1 1) (1 1 0) (0 0 0) (1 1 1) (0 1 1) (0 1 0) (0 0 0) (0 0 1) (0 0 1) (1 1 1) (1 0 0) (1 1 1) (1 0 1) (0 0 0) (0 1 0) (1 0 1) (1 1 0) (1 0 0)
char 107 (h i o) (i h h) (o c o) (s t s) (h t r) (o j l) (k o i) (e d t) (f n r) (j s h) (i k j) (e l f) (d k h) (e i o) (b h k) (p d o) (f e k) (i e q) (s n c) (n i o) (t s t) (p o i) (f c f) (e h t) (k e k) (h s s) (f m l) (s e j) (p c g) (o i k) (t b d) (o p n) (f o e) (e i o) (k l h) (j h o) (c k t) (a l f) (q i t) (g o m) (e i q) (p a q) (q i b) (m f i) (j j q) (m o r) (d m g) (j l m) (f d j) (i d r) (h h c) (s t p) (i s t) (c q e) (n n s) (q c i) (i b s) (t i r) (r d p) (l m i) (m b e) (r a f) (n a m) (i e h) (b d d) (p f q) (e m p) (r s p) (d s s) (l p i) (i a s) (f g d) (s f p) (n d h) (f g a) (a l n) (q j q) (b c e) (n j t) (i i i) (i q s) (n j c) (t i d) (s f t) (c r g) (s g e) (f g p) (h q p) (l g n) (h f t) (f j s) (p t t) (h e r) (q b t) (j e t) (t p h) (m i p) (l i h) (o e l) (c m h) (n h d) (q o q) (h t k) (g a q) (g l d) (t r f) (f t r)
