bool 10 1 1 0 0 0 0 0 1 1 0
int 11 88 46 48 21 27 46 74 97 30 17 44
double 14 4.98 6.55 6.36 1.64 8.69 9.8 6.26 4.86 2.05 7.92 6.17 6.04 8.44 1.61
bool 15 1 1 1 0 1 1 0 0 0 1 0 0 1 0 1
int 15 65 42 23 2 40 32 28 25 3 8 6 43 9 3 42
int 15 81 35 22 2 72 38 53 76 26 80 94 89 18 84 14
bool 16 0 0 0 1 0 0 0 0 0 1 1 0 0 0 1 0
bool 17 0 1 0 0 0 0 0 1 0 1 0 1 1 0 1 1 1
char 18 t k n l b f n j q n b s l d a i h g
int 18 57 74 22 14 62 36 26 89 96 24 61 41 86 89 29 88 83 51
bool 19 1 1 0 1 0 1 0 0 0 0 1 1 1 0 1 0 1 1 1
double 19 6.69 1.76 1.93 4.2 9.5 5.12 1.83 8.57 4.78 8.93 4.3 1.37 7.93 2.99 3.89 6 8.67 5.12 1.53
int 21 83 71 12 15 79 7 92 71 67 65 29 54 87 83 50 99 87 31 65 3 41
bool 22 1 0 0 0 1 0 0 1 1 1 1 0 0 0 1 0 1 0 1 1 1 0
bool 24 0 0 0 0 0 0 1 0 1 0 0 0 1 0 1 0 1 1 0 0 0 1 1 1
char 26 e f t e p g t k a k b e j h c k e d a e i h b a c e
char 26 m t t j l o e e l e l h b t r p g l l s c n s d d a
char 27 f d g p k c p d f m j a n r q d n g m q c s l g o j c
int 29 73 73 48 34 51 93 92 74 68 41 21 78 76 82 38 98 35 41 12 44 74 24 95 73 69 52 42 41 88
bool 30 1 0 0 1 0 0 1 1 1 0 1 0 1 0 1 1 0 1 0 1 1 1 0 1 1 1 0 1 0 0
bool 30 1 0 0 0 1 0 1 0 0 0 0 1 0 1 1 1 0 0 1 0 0 1 1 1 1 1 0 0 0 1
bool 31 0 0 0 1 0 0 1 1 0 0 0 0 0 0 0 0 1 1 1 0 1 0 1 1 1 1 1 1 1 1 1
bool 32 1 1 1 1 0 1 1 1 0 0 0 1 1 1 1 0 1 0 1 0 1 1 1 1 0 0 0 1 1 0 1 1
int 33 85 15 3 80 33 3 17 6 82 21 79 79 36 44 42 50 10 77 54 67 88 19 67 87 92 59 83 52 21 67 40 2 68
double 40 8.88 8.87 1.74 3.92 6.77 4.83 3.02 2.68 0.56 6.21 7.4 3.88 9.68 4.83 3.27 9.29 5.1 9.02 8.85 6.1 8.81 7.83 2.35 0.41 7.05 2.33 8.64 1.28 7.49 0.52 3.9 4.16 5.62 2.82 0.3 7.97 9.14 8.11 6.1 3.46
bool 40 0 0 0 1 0 1 0 0 0 1 0 1 1 1 0 0 0 1 0 0 0 1 0 0 1 0 1 0 1 0 0 0 0 1 0 1 0 0 1 0
int 40 29 8 43 94 91 73 57 24 72 80 22 47 47 22 18 29 99 57 11 49 37 88 43 83 30 57 61 61 38 77 17 90 60 62 18 4 87 11 65 36
int 41 27 8 89 66 22 10 51 42 15 54 21 35 88 58 34 35 64 54 86 6 50 50 26 36 10 12 42 91 77 56 81 76 59 61 14 97 52 81 28 78 16
double 41 6.48 3.9 1.02 0.03 6.64 2.42 1.3 8.74 5.84 8.63 2.51 6.93 8.07 2.04 3.93 2.18 1.84 9.32 0.62 9.01 0.17 1.09 5.95 3.14 6.69 1.23 7.6 2.24 3.36 7.94 2.14 3.5 6.22 1.22 3 7.49 5.58 0.5 4.18 1.04 9.06
bool 43 1 1 0 1 1 1 0 1 0 0 0 1 1 0 0 1 0 0 1 0 1 0 0 0 0 0 1 1 0 0 0 0 0 0 1 0 0 0 0 0 1 1 1
double 43 0.65 2.75 0.93 7.68 0.27 3.1 2.44 2.8 2.17 4.51 4.99 8.78 1.17 6.77 5.27 1.18 0.15 4.24 0.59 0.57 9.54 2.74 2.32 5.09 1.62 1.84 7.34 2.22 3.09 8.48 2.05 1.51 2.27 5.26 4.77 8.34 1.93 4.59 8.93 9.35 5.82 5.88 0.83
int 44 3 99 8 80 24 57 48 20 26 25 42 45 77 69 21 13 55 29 41 52 14 12 24 75 47 74 57 62 15 75 99 16 82 30 3 20 40 95 17 64 28 24 89 95
bool 44 0 1 0 0 0 0 1 1 0 1 0 1 0 0 1 1 0 1 0 1 1 0 0 1 1 0 1 0 0 0 1 1 0 0 1 1 0 1 0 0 0 1 1 1
char 45 m j n m e g p c h n k c n h l m r i l a j m l n j n h f b a g g j s e f k d h n b m a r f
int 45 58 92 87 74 2 74 40 31 78 85 54 94 77 97 13 13 91 94 50 88 36 20 45 90 59 82 19 70 25 94 12 94 7 61 51 6 13 23 70 91 40 13 36 58 41
int 46 85 29 77 56 48 34 44 38 22 63 14 33 40 87 83 18 17 69 35 13 81 18 52 34 33 32 73 34 56 96 75 18 20 86 93 74 58 30 67 16 94 29 99 56 82 52
bool 47 1 0 1 1 0 0 1 1 0 1 0 1 0 0 0 0 1 1 0 1 1 1 0 0 1 1 0 1 0 1 0 1 0 0 1 0 1 1 1 1 1 1 1 0 1 1 0
int 47 91 1 17 89 74 93 38 4 85 32 35 33 35 26 13 67 71 57 74 96 88 45 77 30 24 36 89 57 49 78 4 5 41 69 59 84 72 48 78 77 14 73 30 19 85 71 11
double 48 5.43 5.6 0.84 9.31 8.71 2.32 9.91 9.03 8.39 0.55 5.83 2.1 4.08 6.91 5.87 5.3 6.19 3.75 8.26 2 4.6 8.87 8.24 2.45 0.15 1.58 6.49 7.41 8.25 9.39 9.25 2.79 1.09 4.22 5.11 6.12 5.85 1.49 7.05 0.86 9.5 6.18 5.03 2.72 2.57 1.49 8.69 6.35
bool 50 0 0 1 1 0 1 0 0 0 1 0 0 0 1 1 0 0 0 1 1 0 0 1 0 1 0 0 0 0 0 0 0 0 1 0 0 0 1 0 1 0 1 1 0 0 1 0 0 0 1
char 52 h l s c s n s t i n r i f m l k a l n p o p o e s i a g i r p g g f a r d s r f o d f k b j o c g h a g
int 54 21 11 6 88 16 83 80 1 5 72 80 86 36 24 6 75 56 71 42 81 12 46 67 52 50 80 68 99 33 20 27 18 37 47 60 80 36 15 67 64 3 53 48 68 86 50 13 34 12 47 13 70 38 35
int 54 77 57 74 41 3 6 34 69 43 68 38 86 70 75 59 3 58 38 40 64 44 65 77 23 21 58 15 77 11 74 26 68 79 42 65 35 68 68 61 65 53 50 22 86 58 7 76 7 50 85 92 15 75 18
int 54 12 38 86 63 2 96 80 43 73 52 99 36 37 87 24 35 79 3 91 14 1 17 33 4 85 71 34 35 69 27 55 78 4 6 61 37 17 43 84 26 7 59 78 41 7 23 44 88 13 63 76 99 26 50
int 55 54 35 42 38 75 56 59 25 30 38 10 85 31 53 32 51 73 10 5 57 94 52 89 68 21 70 20 56 93 51 16 81 27 59 32 80 78 84 2 36 97 98 78 67 83 83 87 33 91 63 53 28 64 41 69
char 55 p p m c p d p t m o n r g o d t c g f t d b o a n i j s g o t j f r m c s d o c n l s a r l p m m l b i c k p
char 56 r q b o a b q i m n t a b s e l g g i p t h p f q k t l c a e b r k l p d n k h k d h p t m l k a r q t f g r i
char 58 p l l e o p t g t b t m f r e b g h e n k g g t l e b c b r a k r f f e e j o m a j e p l s q s c t i a a a o o a c
bool 59 0 1 0 1 0 1 1 1 0 1 0 1 0 0 0 1 1 0 1 1 0 1 1 0 0 0 0 0 0 0 0 1 1 1 0 1 0 1 1 0 0 0 1 1 1 0 0 1 0 1 1 0 0 1 0 0 0 0 0
bool 59 0 0 0 0 1 0 0 1 0 0 1 1 1 0 1 0 0 0 1 0 0 0 0 0 0 1 1 1 0 0 1 1 1 0 1 1 1 0 1 0 1 0 0 0 0 0 1 1 1 0 0 0 0 1 1 1 0 1 1
char 61 f g e s i g o p g p i h k a a f c l q p k p j i p q m i s c c m i p l d f h k r a h l d o r p i a t h i q e b a p f r f l
char 63 h q a b l n k m o n g h r a q q c n t c f r q p h d k t i n l h c r f l c j d a o d c c l r l c e p s t g t f d q d n l j b s
bool 63 1 1 1 1 1 1 1 0 0 0 1 0 0 1 1 0 0 0 1 1 0 1 0 0 0 0 1 0 0 1 1 1 0 0 1 1 1 1 0 1 0 1 0 0 1 1 0 1 0 0 1 1 0 0 1 1 1 1 0 0 1 1 1
char 64 l s p m q b b q k r n n f s a r e e s s r m c f r i m t a s q o p t t c i g l a c l g t r n f l d q j i c q h e p p b j s l c j
char 64 f b q c k o f e o p j s n n l s m q m q m a t t p s o e k s l h m r r d k p o d c h m n d o p l m f i p q s b r i a e k a e f b
double 65 7.74 7.85 9.55 8.4 5.19 2.53 4.78 7.51 2.92 9.88 0.44 1.29 9.06 1.71 0.95 3.23 8.78 1.67 0.23 6.67 0.01 9.95 3.44 4.19 2.35 4.27 5.47 9.92 7.01 2.33 9.93 3.64 4.89 0.03 7.82 4.89 3.85 9.79 8.64 7.18 5.29 5.55 5.62 2.69 8.25 5.57 4.35 6.8 6.65 0.86 4.08 6.56 6.42 9.31 7.53 5.57 5.7 0.45 1.23 2.35 8.92 9.47 9.72 4.99 4.85
bool 65 1 1 1 1 1 0 0 1 1 0 1 1 1 1 0 1 1 0 1 0 1 0 0 1 1 0 0 1 1 0 1 0 1 0 0 1 1 1 0 0 1 0 1 0 0 0 0 0 0 0 1 0 0 1 1 0 1 0 0 1 0 1 1 1 0
double 67 5.25 3.39 3.61 7.66 2.57 4.82 7.41 0.68 9.59 6.36 8.05 1.24 2.19 9.77 4.38 1.72 2.39 4.05 9 1.54 8.1 2.27 9.67 7.44 2.17 1.45 0.89 2.66 4.87 9.95 0.57 3.21 7.91 3.45 5.36 2.98 7.52 3.79 4.51 3.47 0.62 4.85 2.5 8.42 7.03 0.11 6.54 5.45 9.03 7.53 4.83 0.63 1.36 0.9 4.82 5.5 3.78 1.03 2.65 2.13 6.31 9.31 4 3.49 3.49 1.57 5.1
bool 67 0 0 0 1 1 1 1 1 1 0 0 0 1 1 1 0 0 0 0 1 0 0 0 0 1 0 0 1 0 1 1 1 1 1 1 1 0 1 1 0 1 0 0 1 1 0 0 0 1 0 0 1 0 0 1 1 0 0 1 0 1 1 1 1 0 1 1
double 67 5.47 4.46 8.71 7.25 6.5 5.66 0.36 7.41 1.96 5.84 2.27 7.54 4.83 8.07 9.53 8.47 7.26 4.15 0.62 1.24 0.8 2.12 8.66 8.95 8.35 4.51 4.41 6.39 0.18 3.61 9.48 7.06 3.17 2.05 5.25 4.62 3.9 9.99 0.82 2.62 1.74 4.18 7.84 3.76 7.07 6.55 0.28 5.45 6.23 8.15 1.1 2.83 5.18 0.56 1.43 3.24 6.96 9.86 2.69 6.37 4.33 9.23 8.98 6.97 5.72 4.82 2.77
double 68 0.3 9.31 2.56 9.75 1.14 9 6.37 7.66 5.9 5.79 5.8 4.91 7.11 5.87 6.76 7.33 8.84 1.27 7.4 5.5 8.59 3.77 7.26 0.32 6.54 2.02 1.33 9.93 5.71 9.61 0.81 7.29 4.68 6.63 7.43 0.71 3.49 5.87 7.32 2.58 1.27 9.87 3.67 9.75 2.65 3.46 2.95 1.6 3.51 4.31 5.22 5.56 7.07 4.83 0.07 5.82 0.11 9.2 0.85 1.62 3.95 7.41 3.53 5.59 8.62 2.13 9.55 7.23
int 69 31 94 81 7 62 67 83 34 7 9 4 18 28 25 86 64 99 13 93 64 44 6 53 69 99 14 50 25 42 76 34 12 49 53 7 90 12 99 38 42 86 57 75 36 5 63 98 21 2 59 80 50 94 17 4 59 8 44 63 31 60 81 81 12 35 74 81 36 7
double 70 1.97 2.23 2.71 7.56 6.34 3.41 8.95 3.82 2.18 5.18 2.36 5.66 5.41 1.92 3.35 7.98 3.81 8.24 5.65 1.67 5.49 3.33 9.12 7.48 0.08 4.27 6.69 9.31 2.59 3.53 3.58 5.2 5.39 7.34 3.8 1.8 6.61 1.6 4.3 0.57 9.49 2.53 0.3 2.34 1.47 2.91 6.2 4.22 0.61 9.3 7.2 2.91 3.72 8.71 4.09 5.59 2.64 4.22 3.88 4.78 1.89 8.03 6.34 7.93 4.68 2.38 1.14 5.52 9.72 9.19
bool 71 1 1 1 1 1 0 0 1 1 0 1 1 0 0 1 0 0 0 0 0 0 1 1 1 0 1 0 0 0 0 0 1 1 0 1 1 1 0 1 0 1 1 1 1 0 0 0 1 1 0 0 0 1 1 1 0 0 0 1 0 0 0 0 1 0 1 0 1 1 1 0
double 71 8.61 7.65 2.32 9.67 2.23 4.67 8.87 1.22 7.26 4.1 0.27 1.9 6.57 7.06 8.23 2.35 0.29 3.86 4.59 1.75 3.01 0.02 2.01 0.21 3.03 6.1 1.47 2.19 5.6 2.67 1.84 2.41 0.5 2.16 6.98 6.02 2.18 4.79 2.1 9.12 0.97 1.35 5.39 8.96 0.03 6.3 3.82 3.88 2.86 8.65 4.38 7.28 8.46 7.52 6.86 8.33 1.71 6.13 1.53 5.63 0.46 9.7 5.8 0.29 9.17 7.41 8.28 8.16 5.63 3.95 2.17
bool 73 1 1 1 0 1 0 1 0 1 1 0 0 0 1 0 1 0 1 1 0 0 0 1 1 0 1 0 0 0 0 1 1 0 0 1 0 1 1 1 1 1 1 1 0 1 0 1 0 0 0 1 0 1 1 0 1 1 0 0 1 0 1 0 0 0 0 1 0 0 1 1 1 0
int 73 88 40 99 42 11 29 52 70 90 21 86 75 47 81 27 61 14 72 86 35 72 26 99 83 83 21 37 37 75 17 62 94 11 28 9 72 52 6 73 67 26 90 19 85 42 31 28 68 16 70 18 36 48 70 90 96 55 1 30 95 35 28 83 26 74 59 72 49 6 44 20 31 68
int 74 25 65 41 61 49 28 17 61 35 59 29 51 41 60 99 66 39 30 38 13 22 85 16 13 36 44 65 77 29 69 22 12 56 64 77 57 52 30 55 6 87 92 78 83 35 61 19 88 56 8 47 86 19 64 81 47 96 46 84 87 50 97 38 42 3 77 78 79 58 80 68 55 6 11
bool 77 1 1 1 0 0 1 1 0 1 0 1 0 0 1 1 0 0 0 0 0 0 0 1 0 0 0 0 0 1 0 1 0 1 1 1 0 1 0 0 0 1 0 0 0 0 1 1 1 0 1 0 0 0 1 0 1 1 0 0 1 1 0 0 0 0 0 1 1 1 1 0 0 1 1 0 0 0
double 77 9.71 8.68 7.01 5.81 6.41 4.44 5.85 4.13 0.02 1.42 1.62 8.53 2.44 6.21 5.24 3.12 9.3 2.58 1.6 1.71 1.05 0.31 0.09 7.32 9.02 1.52 2.5 9.16 1.47 8.37 6.41 5.51 8.41 6.25 8.13 9.73 5.87 4.24 0.81 6.46 6.94 9.01 8.71 4.35 2.23 5.82 5.27 2.18 7.81 2.22 4.45 7.54 0.51 7.91 0.83 9.36 7.48 3.54 6.5 5.5 9.52 3.05 8.72 2.89 7.03 9.1 7.68 7.06 9.51 6.37 3.07 9.79 8.63 8.32 7.47 8.17 2.12
double 78 0.04 8.82 6.72 5.87 4.98 3.3 6.51 5.98 2.33 8.69 5.96 6.26 4.91 3.94 9.41 2.89 1.49 7.15 3.43 0.74 4.59 2.35 7.13 2.5 3.23 4.07 7.58 7.02 2.57 8.79 8.21 1.68 2.01 7.08 4.89 0.07 8.91 8.74 1.96 4.48 8.04 8.64 3.4 5.06 7.42 5 8.86 3.17 5.78 3.25 7.69 2.99 6.41 3.79 3.02 0.03 0.34 2.79 1.93 9.99 2.15 0.81 6.4 8.91 3.98 8.79 0.71 7.81 3.08 1.76 9.66 9.99 4.4 0.92 1.89 3.85 9.31 1.03
char 80 c r d d o q c t a a c d h f m h n e s q c c m i m t c r n q h i a g q q b k h p k d i k r j c i q b b c l m l t s s m d c t g i o f k b f r b n p h g g r q c f
double 81 6.65 6.09 7.78 7.98 8.32 6.42 0.32 4.48 5.66 2.26 1.63 2.75 7.55 3.63 4.9 9.44 3.63 5.17 5.43 0.58 9.9 8.82 7.82 1.65 2.37 4.39 0.07 6.53 2.21 8.54 2.37 4.55 2.02 8.02 3.74 8.57 2.88 4.55 1.59 0.46 3.77 4.59 6.95 5.21 3.04 7.83 4.76 1.34 6.98 5.37 8.72 5.29 6.52 0.1 3.47 8.41 2.24 6.45 2.57 7.83 7.03 7.69 6.58 7.35 6.45 9.87 5.38 2.03 5.33 4.75 8.88 1.92 1.44 3 9.26 1.44 9.63 1.19 1.59 5.55 1.44
char 82 r d g m d d o t s m e k b a j c l r q r k r q i e r h j q s t t h r g m s t q e l n r b f k p n m b l l h r c s g a f f g q j g r l q j r c g j i m p c p a s o d r
char 82 d l f b f c e n g l b a h n o g k e e r n m a k j a g f a n s g g c d s a c e b r i t e b i c t k h b l a o j r l n f p r l d m g q i k b i q f a m j n o r l c f g
double 82 9.53 9.88 4.71 2.71 3.45 9.95 9.99 3.14 9.09 2.16 4.6 8.26 7.08 4.66 9.33 4.34 6.22 6.92 2.75 5.38 0.82 8.95 6.2 4.19 2.81 0.79 0.46 8.79 1.68 1.16 5.04 0.32 7.96 8.29 5.31 8.15 7.09 8.82 7.37 6.92 7.31 2.86 6.84 6.02 3.94 7.6 7.51 8.24 3.39 4.64 8.63 0.87 2.74 1.18 1.44 8.7 1 7.38 1.5 0.16 1.23 6.24 4.26 3.82 0.8 0.23 9.12 8.05 4.02 7.22 1.01 0.13 5.13 0.14 8.01 4.14 5.37 3.63 2.48 4.97 0.89 6.32
int 85 79 17 33 34 80 10 52 29 93 68 89 19 48 44 38 6 98 22 8 52 69 47 90 36 54 13 85 76 71 41 53 28 59 65 2 67 76 36 16 31 63 57 89 15 49 62 62 29 2 87 97 69 16 55 25 24 1 61 90 24 15 54 91 38 66 41 95 81 21 34 18 4 65 7 52 98 45 29 44 98 44 72 78 72 28
double 85 2.57 0.65 0.97 8.84 0.27 4.45 9.8 1.61 2.52 7.16 1.26 2.5 8.08 6.82 1.39 7.03 3.89 1.57 4.33 7.85 8.84 1.42 7.68 6.48 1.18 0.52 9.88 4.33 3.09 5.77 0.93 7.55 3.78 3.57 6.14 1.34 1.88 9.57 8.16 4.92 4.07 3.01 5.7 1.79 2.95 8.56 7.71 6.46 8.54 2.09 9.04 3.77 4.92 8.74 0.98 9.61 0.02 0.94 5.44 1.33 9.13 6.73 1.68 1.81 4.18 6.12 5.54 7.33 0.19 0.08 0.95 1.18 7.9 0.9 5.56 7.45 1.53 7.77 5.63 7.97 8.34 7.08 9.05 9.36 7.18
char 86 r j m a h f n i i p q f a m b i j o k l h h i q k p k n b i h r d m l d o b f o k r n h d k j d j b t n q c a d i m g h k q h d i g o f q t r q r h i e r p f h c k j h g s
double 87 8.64 9.66 0.2 2.27 8.58 9.29 7.34 6.55 9.14 9.04 3.21 2.45 2.27 8.27 9.06 7.6 4.07 4.86 2.12 0.45 3.05 6.68 4.25 5.81 6.1 0.61 7.55 7.68 4.43 6.36 0.18 1.26 6.05 5.96 4.26 7.08 0.35 3.44 9.25 9.77 8.36 9.51 0.93 1.77 3.84 0.23 2.5 6.69 7.92 9.44 5.86 1.63 3.99 3.9 0.98 0.53 3.55 1.96 4.93 7.36 2.78 1.04 4.38 2.8 6.88 1.34 0.15 0.8 1.14 6.06 6.51 9.01 6.78 5.93 5.09 7.49 8.38 8.7 8.94 3.83 7.98 0.42 4.56 3.41 0.47 9.94 7.85
char 87 e m q d h b k n r g a h q b m r e o n t m e p d f k b d g m n f i p j t r i m d e g r l l r a f d d j d a h a c a q m f m b s n b j m c t f r i r j c f f a d n l m m k e g n
int 89 64 18 93 96 80 54 45 34 20 29 41 32 56 48 86 52 39 99 85 42 54 60 39 44 54 50 82 84 80 66 74 82 69 9 39 11 88 9 35 25 63 78 66 63 64 33 44 21 56 32 19 73 82 56 78 29 90 34 86 68 47 95 80 44 14 84 75 97 24 22 69 96 89 57 9 57 2 74 27 58 87 97 86 38 86 36 25 32 93
char 90 p b j p s j t f a d p n j g n a h h d i l d b r i o s l g p g o j h s e q a a k k e l h a m a j n p e c e t f p q i o k f k n c s e p o b d e i e d b s a a f i f p r r k a b q s s
int 91 10 45 42 4 11 44 18 70 21 88 43 15 19 23 72 18 56 6 11 65 11 97 26 92 94 30 96 77 84 14 73 19 34 69 55 48 7 53 66 46 27 74 95 57 65 60 25 34 80 36 2 43 27 64 96 67 17 31 59 39 67 72 76 85 99 99 8 8 92 72 27 61 90 80 65 27 49 41 61 41 34 10 84 67 11 11 73 17 61 54 89
bool 91 1 1 1 0 0 1 0 1 1 0 0 0 1 1 1 0 0 1 1 1 1 0 1 1 1 1 0 0 1 0 1 1 1 1 1 1 1 0 0 1 1 0 1 0 0 1 1 1 1 0 1 0 0 0 1 1 0 0 1 0 1 1 1 0 1 0 0 0 0 0 0 1 1 0 0 0 1 1 0 0 1 1 1 1 1 1 1 1 0 1 1
bool 91 1 0 0 1 1 0 1 0 1 0 0 1 0 0 1 1 0 1 0 0 1 1 1 0 1 1 0 0 1 1 0 0 0 1 1 0 0 1 0 1 0 0 1 1 0 1 1 0 1 1 0 1 0 1 1 1 0 0 1 0 0 0 0 1 1 1 0 1 0 1 1 1 1 1 1 1 1 0 0 0 1 1 1 0 1 0 1 1 1 0 0
int 92 3 58 26 91 67 27 49 62 35 44 66 69 88 81 52 20 35 4 56 82 3 77 36 44 53 55 46 10 2 92 45 42 31 26 60 83 64 7 72 64 25 90 30 45 93 99 18 99 33 26 79 45 7 89 15 20 25 48 64 19 38 11 30 35 26 81 76 6 32 25 43 80 47 5 65 26 38 7 24 74 97 71 47 4 3 29 26 8 1 57 91 94
char 96 b p o l q p c n c e r o p l p m c e c a f i l e r f i b m m t d p g r h e e h o l g g t s a a l a k t l k n n e j j p d h d a e a f c e m f t l k h t f h p g d o c t r l p n r k i p d l s p r
double 96 3.67 5.33 1.72 3.81 9.45 9.79 3.94 9.95 5.23 1.24 9.76 4.5 1.02 3.4 1.52 9.72 1.13 7.04 8.65 7.83 7.36 4.72 1.52 3.6 2.31 6.51 8.09 6.4 6.4 1.75 2.75 6.51 8.49 5.33 8.85 7.09 6.26 5.32 5.42 0.07 9.1 4.71 8.62 4.64 0.13 6.17 5.68 4.43 9.43 6.8 5.67 0.15 1.84 2.77 4.85 2.15 1.21 7.32 1.68 2.77 4.23 4.94 7.4 1.32 3.08 5.13 4.61 1.03 3.54 7.49 6.3 4.55 3.68 2.99 4.95 2.57 2.8 6.13 3.47 5.13 2.5 4.61 3.49 4.1 9.18 3.87 9.01 4.65 8.52 7.56 6.66 7.04 3.02 1.79 3.19 9.81
bool 96 0 1 0 1 0 1 0 0 1 0 0 1 1 1 1 0 0 0 0 1 0 1 0 1 0 1 1 0 0 1 0 1 1 0 1 1 0 0 0 1 0 0 1 0 0 0 1 1 1 0 0 1 0 0 1 1 0 0 0 0 0 0 1 1 0 0 0 0 1 0 0 0 1 1 0 0 0 1 1 1 0 1 0 1 1 0 1 0 0 1 1 1 1 1 1 0
char 98 c m o d k g s o a f q b a d r i m b t i d b h h s k a p p d k t f k r r q f n t a f c k k k s c i r m o e e f o l n s j g a d q c h s n q b c g h f f h f i d i d e t c i a k e g q l q i b j l b t
bool 98 0 1 0 1 1 0 0 0 0 0 1 1 1 0 0 1 0 1 0 0 0 0 0 0 1 1 1 1 0 1 0 0 1 1 1 0 0 0 0 1 0 0 0 1 0 1 1 1 1 1 1 1 0 1 1 1 1 0 1 1 1 0 0 1 1 1 1 1 0 0 1 1 1 1 1 0 0 0 0 0 0 0 0 1 0 1 0 1 1 1 1 1 1 0 1 1 1 1
int 100 41 77 91 68 45 61 18 16 89 82 67 41 93 88 59 89 16 53 78 38 1 24 51 20 80 43 16 26 95 49 57 37 20 12 47 41 47 74 26 84 36 69 97 96 60 18 60 9 55 53 48 85 96 28 87 43 74 12 50 87 33 27 18 37 79 82 24 80 11 60 95 71 39 14 91 49 24 92 18 11 60 88 67 39 57 31 92 50 13 92 33 22 2 79 97 54 95 12 96 32
bool 100 1 1 1 1 1 1 1 1 1 1 0 0 0 1 1 1 0 1 1 0 1 0 0 0 1 1 1 1 1 0 0 0 0 0 1 1 1 1 1 1 1 1 0 1 1 0 0 1 0 1 1 1 0 1 0 0 0 1 0 1 0 1 1 0 0 1 1 0 1 1 1 0 1 1 0 0 1 1 0 0 1 1 1 1 1 1 0 0 0 0 0 1 0 0 1 0 1 1 1 1
int 100 94 51 23 6 52 88 84 77 34 49 22 21 87 57 16 61 65 87 99 91 12 84 48 51 53 50 44 23 84 44 20 78 58 16 65 16 63 7 23 6 93 77 65 98 52 4 52 71 14 64 70 1 3 23 31 67 18 49 67 82 28 8 37 43 44 63 92 40 99 88 57 57 16 33 94 14 37 18 92 24 91 88 89 43 47 12 38 56 30 69 59 18 70 32 30 84 64 24 3 15
int 101 74 54 96 82 41 86 67 65 3 58 43 65 76 73 70 80 88 29 50 44 48 53 81 91 72 74 15 75 41 52 22 92 30 4 62 45 14 64 70 57 76 87 13 21 4 1 84 44 37 42 82 7 63 23 21 12 54 38 60 35 37 51 20 27 60 46 9 19 11 69 63 18 47 54 46 52 48 84 94 82 2 23 30 51 63 87 65 75 40 74 7 26 72 7 48 53 95 71 25 69 32
double 102 7.24 0.03 2.35 2.83 6.63 5.8 1.13 2.23 3.83 4.03 3.23 0.22 5.26 9.58 2.45 2 5.91 5.96 1.57 4.9 9.57 6.31 6.93 4.51 5.79 7.09 9.53 3.49 5.21 3.86 9.36 7.91 0.35 9.66 9.32 9.15 4.35 5.89 5.18 3.76 1.27 2.68 1.7 2.54 1.29 4.42 5.6 7.63 9.07 5.26 6.88 3 8.86 6.78 9.87 2.4 6.55 6.92 9.89 0.11 1.56 6.4 9.86 4.74 6.48 7.02 1.32 5.38 8.56 2.54 6.1 2.48 4.62 5.26 2.49 0.49 9.16 7.48 4.84 5.65 1.76 3.2 9.53 2.13 2.31 1.61 4.29 3.64 0.06 5.97 8.2 9.01 2.42 5.96 5.5 7.15 3.41 8.77 1.75 7.55 4.99 4.48
char 103 j d d d n e e c r j n m l r g d m d n l l m q q i p n m b c a h q d j t a b h d c m q e h s j j a p f m p q m m p o q f f g k k r o t p r p s n t s l n n c l o b b e t f o o r b r t o t r t p k k s n g c t
double 108 2.09 1.55 8.23 6.25 0.52 8.01 2.85 4.63 0.58 9.99 7.83 1.69 8.79 0.55 0.69 3.28 7.71 1.89 7.57 7.41 4.69 1.43 9.74 6.87 3.56 5.63 2.61 4.53 8.92 8.64 2.06 2.87 6.42 1.1 3.79 9.67 2.85 3.95 1.95 5.24 4.73 1.84 4.82 3.47 3.93 2.57 8.68 2.76 3.01 0.91 6.59 2.37 3.94 0.13 9.79 1.08 5.51 8.88 6.88 7.71 9.81 1.96 9.62 5.91 0.24 3.68 4.14 9.65 7.67 5.55 6.24 0.07 4.72 5.54 5.93 2.83 8.87 3.13 6.64 5.87 0.63 3.54 3.82 2.99 2.43 3.37 0.91 8.28 9.88 9.76 7.05 8.55 4.1 9.38 4.36 5.98 2.83 0.37 3.34 5.8 7.23 0.48 7.33 7.56 7.86 2.51 5.05 2.63
bool 109 1 1 1 0 0 1 0 1 0 0 0 0 0 1 1 1 0 0 0 0 1 1 1 1 0 1 0 0 0 0 1 0 1 1 1 0 1 0 0 0 0 1 1 0 1 1 1 0 0 0 0 0 0 0 0 0 1 0 0 0 0 0 1 1 1 1 1 0 0 1 0 0 0 0 1 1 1 0 0 0 0 1 0 1 0 0 0 1 1 0 1 0 0 1 1 0 1 1 1 1 1 0 0 0 1 0 1 1 1
