int 10 958 828 994 95 395 206 388 720 722 91
int 11 897 934 832 375 584 737 333 783 856 821 43
int 12 466 640 720 770 854 9 727 391 354 541 404 345
int 13 67 448 359 45 997 443 87 799 298 132 23 464 355
int 14 839 9 843 95 397 951 683 428 512 727 889 2 358 81
int 15 132 248 39 878 435 858 29 931 849 434 406 91 42 618 491
int 16 65 788 909 732 958 437 63 178 607 992 332 149 162 921 304 392
int 17 933 937 623 414 209 164 305 564 538 779 1 279 684 66 865 907 236
int 18 335 824 117 620 640 344 919 376 777 761 528 468 482 535 18 168 362 685
int 19 286 573 680 152 691 383 372 428 509 867 841 437 773 849 67 918 471 158 189
int 20 860 709 868 216 372 815 812 662 335 579 668 189 980 267 186 680 102 510 473 950
int 21 784 966 391 397 99 942 275 978 537 575 687 766 548 938 727 381 717 456 256 940 50
int 22 105 520 364 145 489 470 844 113 792 630 169 897 601 387 793 251 527 294 213 162 982 609
int 23 599 180 332 539 705 25 718 300 238 905 322 451 50 987 424 9 241 348 861 69 562 896 52
int 24 568 27 235 982 120 699 578 289 548 745 569 320 592 735 396 986 708 420 520 362 215 327 506 503
int 25 84 362 68 583 899 13 859 956 522 395 252 572 759 503 328 851 632 621 870 70 938 419 421 88 203
int 26 577 572 301 768 604 107 270 451 635 312 790 936 40 610 501 198 416 920 760 340 560 349 182 848 655 810
int 27 946 91 75 891 186 387 546 827 691 238 5 621 451 499 841 312 98 95 244 346 627 32 698 727 868 572 432
int 28 371 742 217 267 485 362 516 918 117 87 215 692 740 143 923 579 94 723 489 543 313 120 972 665 121 341 746 725
int 29 563 113 303 785 287 772 969 439 285 866 333 359 282 818 829 689 51 935 915 447 526 898 971 604 627 32 222 290 919
int 30 515 101 34 758 615 273 303 611 193 84 65 433 581 85 985 389 868 607 209 683 771 572 35 558 295 731 628 636 755 476
int 31 164 369 21 578 973 208 526 622 570 209 469 955 723 956 483 954 360 994 609 305 642 615 30 557 480 387 113 605 800 195 426
int 32 401 289 475 834 731 153 104 208 923 510 627 348 577 155 254 623 700 668 474 494 52 734 444 743 164 103 907 915 158 130 306 64
int 33 455 169 755 195 32 450 90 149 913 349 335 856 892 924 522 639 720 677 293 554 556 828 860 532 351 899 31 51 791 528 716 367 698
int 34 658 280 247 499 519 377 211 734 542 731 523 521 720 698 358 390 847 930 472 938 319 572 273 577 951 346 702 167 839 285 568 145 527 231
int 35 913 47 97 748 60 728 108 300 109 700 21 364 777 933 827 770 505 854 649 699 648 277 982 557 293 375 935 188 191 609 652 588 986 583 566
int 36 788 261 295 18 671 387 576 848 684 58 642 500 509 356 653 357 424 719 689 856 329 301 956 150 491 191 764 737 962 532 4 872 640 224 71 738
int 37 522 899 557 708 131 698 910 205 666 369 753 834 901 180 264 637 530 309 656 870 824 387 499 253 550 962 743 536 463 884 365 575 694 26 639 299 465
int 38 520 450 799 580 83 252 288 487 337 386 146 459 641 125 748 762 773 163 994 190 884 409 346 46 549 771 206 165 247 977 916 243 562 406 133 414 901 940
int 39 716 899 996 856 861 639 441 496 588 903 480 898 617 894 501 711 754 65 327 721 657 960 626 51 408 77 732 206 624 708 114 733 662 21 982 307 75 255 158
double 40 3.86 7.09 4.82 6.77 6.12 2.03 0.02 9.16 8.95 8.2 0.14 0.7 7.32 4.92 8.78 9.35 6 8.66 0.6 1.23 2.14 6.83 1.57 7.41 7.02 0.2 4.63 4.23 2.1 0.35 7 2.61 5.52 8.37 1.26 0.16 5.55 7.29 0.41 6.59
double 41 6.75 3.71 5.08 4.54 2.77 0.12 8.77 6.44 8.53 2.21 6.66 0.31 0.29 0.43 2.74 5.92 9.85 9.19 0.03 1 4.75 2.97 0.88 7.6 1.55 4.57 0.64 8.65 6.72 7.68 2.43 8.3 3.49 8.51 8.56 7.48 8.85 2.99 9.05 3.16 3.14
double 42 5.57 6.35 7.84 1.82 4.61 5.73 2.18 7.93 4.51 6.88 3.29 9.02 2.43 7.6 2.17 7.59 4.22 6.3 3.81 5.02 2.96 2.69 7.06 9.43 7.99 2.11 1.39 3.73 1.4 5.59 1.85 3.54 0.89 7.39 8.78 6.47 8.01 5 1.17 5.71 2.01 1.29
int 43 357 862 36 252 657 810 677 28 652 998 879 714 391 376 264 107 498 425 220 65 275 93 768 27 310 244 280 217 451 499 878 117 527 118 15 424 59 57 954 274 232 509 162
int 44 626 968 977 532 605 628 310 199 984 279 659 546 909 234 672 60 775 520 599 509 703 719 913 607 53 705 212 831 443 874 222 453 111 806 1 275 898 469 969 6 182 123 292 500
int 45 61 883 160 11 523 480 347 550 887 422 688 27 163 754 871 528 3 290 518 10 899 270 621 294 354 522 844 702 433 955 860 782 249 309 809 320 826 499 641 914 196 720 306 994 413
double 46 0.48 2.2 9.34 8.32 5.24 4.86 3.17 6.94 1.87 5.86 9.87 7.28 3.71 4.79 5.65 4.3 5.15 4.23 4.35 0.55 0.77 2.31 2.78 3.79 5.47 8.31 7.13 1.81 1.78 7.39 9.26 3.26 6.73 0.63 0.7 9.4 5.07 7.35 5.81 2.27 0.03 0.83 2 0.13 8.19 6.86
int 47 341 882 803 273 610 98 206 768 209 507 586 74 772 861 526 858 998 267 891 107 416 470 430 826 777 459 479 29 103 429 886 544 747 462 244 503 680 188 407 634 848 496 731 547 560 815 85
double 48 2.42 2.14 6.6 5.01 6.29 4.28 0.32 9.81 3.77 3.52 9.03 7.51 6.26 6.64 3.57 3.31 8.32 3.44 3.54 5.44 3.28 7.55 4.53 7.17 6.19 6.27 8.89 3.98 6.45 9.49 5.37 6.01 8.42 7.9 2.71 3.81 8.38 3.05 6.98 9.16 9.98 3.11 1.24 6.93 5.2 0.02 6.57 1.01
int 49 480 229 818 476 9 492 243 644 903 530 81 477 460 619 203 37 759 102 659 511 267 289 322 258 498 35 434 758 672 158 663 529 633 894 534 626 914 59 833 170 661 53 700 649 763 25 464 436 551
double 50 0.3 1 4.21 7.47 2.5 2.96 6.59 8.38 2.14 3.31 4.54 8.76 4.92 2.61 4.79 9.54 3.38 0.81 6.02 2.48 6.72 4.71 8.46 1.21 3.51 2.82 8.5 0.67 7.67 1.55 3.33 6.84 9.69 3.23 1.14 4.33 1.97 8.07 5.84 2.54 8.83 3.94 5.31 8.4 5.53 9.42 9.93 8.68 9.56 8.95
int 51 721 340 138 463 526 768 107 980 852 914 507 262 426 442 942 760 168 708 179 421 387 883 326 632 114 682 534 677 58 962 303 651 661 756 521 889 71 184 819 701 276 11 1 562 219 789 599 650 252 329 794
double 52 5.99 9.4 6.35 1.35 5.24 1.52 8.96 4.39 3.84 3.22 0.33 6.16 6.3 3.1 5.46 6.22 1.6 2.21 7.14 9.49 6.98 1.32 9.72 0.49 2.97 5.94 6.62 3.6 9.06 7.15 1.43 9.43 8.48 7.06 0.58 2.51 7.24 3.35 8.11 8.79 8.82 3.16 2.2 5.31 9.5 2.24 2.46 6.53 0.72 1.92 5.75 2.72
double 53 9.76 7.88 4.99 5.66 1.56 3.48 5.58 3.88 4.35 6.12 1.76 1.32 9.32 5.74 8.47 1.55 4.24 6.33 1.54 9.41 4.51 1.44 4.01 2.44 9.69 2.67 9.34 3.83 9.91 6.2 2.76 5.3 4.22 1.51 5.13 6.7 8.82 8.19 7.94 5.1 1.8 0.3 2.54 2.22 8.62 8.44 1.91 1.61 4.87 7.43 4.41 6.38 4.19
int 54 37 417 557 135 40 955 701 409 100 689 415 299 746 441 685 161 576 61 310 607 643 244 389 312 405 789 616 385 250 332 72 954 297 992 638 180 826 725 513 583 266 148 562 800 571 426 296 14 745 727 464 515 168 216
double 55 7.74 4.34 2.14 7.58 0.98 9.14 1.2 2.49 7.45 9.2 2.28 7.69 7.23 8.44 0.23 2.83 5.59 3.39 1.57 2.44 1.84 2.72 9.58 3.87 0.95 2.21 7.7 5.34 2.69 0.15 3.26 0.32 7.6 8.46 3.29 7.06 4.02 5.22 2.18 2.42 2.78 2.88 5.85 0.85 9.97 2.02 4.5 0.9 4.48 6.79 7.66 1.15 7.41 6.5 5.78
double 56 2.94 8.12 5.01 5.19 1.36 7.4 4.85 0.63 6.51 8.2 3.77 2.78 8.74 0.28 0.43 9.19 5.62 0.2 5.96 5.79 6.07 6.36 2.19 5.63 0.78 6.2 1.17 2.18 5.09 5.67 3.86 3.67 7.99 0.35 3.97 7.41 5.72 6.93 5.05 1.46 9.9 6.32 7.31 4.86 6.5 6.03 6.74 4.39 3.16 8.78 0.66 6.73 6.3 7.22 0.93 3.99
double 57 0.65 7.31 7.78 7.27 7.35 4.44 7.02 6.35 0.7 7.63 6.77 2.71 9.27 6.46 8.17 2.46 1.87 6.49 0.17 3.61 6.51 4.89 8.07 2.12 8.38 6.43 8.43 7.52 1.95 5.84 6.59 3.57 2.43 5.47 2.11 1.11 7.5 9.22 8.51 4.73 9.55 1.94 3.01 9.48 0.24 6.2 4.66 1.43 6.23 0.13 9.2 8.5 2.41 4.55 6.78 9.4 8.8
double 58 5.03 7.7 4.6 1.19 0.14 0.98 1.3 9.22 4.57 4.54 9.94 3.49 6.24 6.64 7.14 3.69 9.31 0.89 3.5 2.94 2.36 6.47 4.42 6.35 7.4 9.35 0.99 5.66 0.79 8.08 1.7 5.61 5.37 4.34 1.81 3.79 8.32 2.05 1.01 7.51 2.67 5.29 9.51 8.61 8.82 7.64 6.88 7.04 9.06 0.65 9.29 7.62 4.52 2.22 9.11 9.47 6.16 9.55
int 59 656 949 828 63 883 907 228 239 353 173 115 144 844 650 677 689 583 22 584 968 496 834 493 649 833 906 65 823 149 534 53 869 376 286 6 866 894 597 397 497 872 66 997 148 770 792 666 816 52 252 539 473 922 848 629 285 695 605 983
double 60 0.18 9.17 6.96 4.51 0.81 2.79 9.87 7.12 1.8 6.79 7.95 6.26 8.31 4.38 1.47 6.69 1.86 7.99 6.76 8.85 5.37 4 4.94 2.38 6.44 4.56 8.52 8.64 9.27 6.68 0.36 4.92 9.19 5.84 1.99 5.82 1.87 1.85 5.06 0.15 2.56 0.24 0.53 3.47 4.18 0.85 8.14 6.88 3.31 4.13 6.03 6.94 8.94 7.79 6.89 7.48 3.39 4.49 9.72 6.01
double 61 2.63 0.06 4.31 5.71 0.46 4.06 7.02 6.35 5.73 3.62 2.48 4.61 4.44 8.83 0.25 5.59 3.09 8.04 7.48 4.73 5.06 1.7 5.83 2.33 8.9 6.28 3.19 8.53 9.63 2.53 4.19 0.49 8.36 8.52 4.27 2.78 2.58 9.51 9.91 5.91 9.68 9.18 5.35 5.87 1.99 1.96 3.23 6.6 8.5 8.18 1.05 1.98 8.64 8.19 0.87 8.05 1.38 0.14 3.66 1.83 4.29
int 62 890 51 148 842 644 827 143 245 522 218 316 960 856 719 957 972 765 468 879 5 925 83 807 885 33 193 649 709 287 817 676 606 804 259 591 900 744 428 754 602 975 164 614 646 108 502 512 414 321 78 223 642 949 612 423 17 291 838 551 701 434 416
int 63 599 470 818 937 114 160 817 260 936 264 315 222 77 492 666 225 116 755 857 490 326 43 831 951 569 684 209 480 5 115 188 402 568 153 774 600 912 889 540 94 970 975 987 69 158 786 32 281 840 56 674 577 191 954 353 676 323 396 296 108 121 913 728
int 64 792 768 909 105 576 717 83 522 908 550 610 26 903 837 749 797 994 788 753 893 966 331 31 454 818 316 221 306 817 165 148 222 810 437 741 989 922 621 828 722 976 357 997 528 578 848 905 647 111 358 702 302 404 546 108 456 511 198 643 393 398 292 433 691
double 65 9.01 7.47 9.22 5.52 1.33 8.83 8.18 2.26 7.32 0.54 9.62 3.88 1.37 9.47 0.84 2.3 5.91 0.05 5.2 7.16 2.85 3.4 7.03 3.33 0.06 0.36 4.75 3.86 8.96 3.35 7.41 2.94 7.33 9.1 6.91 7 0.64 5.22 3.46 6.79 8.32 7.07 6.9 2.33 8.26 5.99 2.05 1.66 6.44 2.43 3.56 7.4 3.24 4.42 8.58 0.93 4.34 6.58 5.23 4.67 9.53 5.83 3.59 0.75 1.83
double 66 2.5 3.84 9.34 0.78 2.72 3.72 6.33 0.39 9.28 3.33 4.4 3.12 4.18 5.59 1.41 3.62 5.28 3.64 8.95 0.34 2.4 5.57 2.94 7.61 9.95 5.96 6 0.99 8.34 4.57 2.35 9.07 0.82 0.21 0.27 7.8 8.41 9.93 9.43 7.1 5.76 7.74 2.3 8.04 8.91 7.69 9.69 3.52 4.96 5.87 1.94 1.56 6.18 5.21 6.08 2.12 9.71 9.62 1.65 1.08 7.05 1.53 0.01 1.47 0.57 2.24
int 67 74 821 129 164 270 142 205 443 980 649 79 64 698 225 320 746 357 134 478 851 227 879 444 992 331 923 727 711 44 947 326 528 817 972 80 737 206 3 297 991 546 6 421 160 221 485 812 801 396 578 866 697 543 413 780 480 569 435 692 733 401 309 159 722 17 287 755
int 68 850 925 841 228 489 453 165 545 390 308 616 181 219 872 465 178 251 490 290 279 949 411 101 59 71 498 527 623 667 572 981 824 523 238 29 170 425 328 15 933 865 993 947 380 445 61 862 122 117 368 409 988 316 733 233 358 10 363 706 23 180 723 860 552 474 675 583 664
int 69 585 746 570 428 20 84 476 628 129 899 275 807 555 208 550 621 253 637 784 374 902 580 724 319 108 447 235 730 299 625 47 316 581 907 36 635 516 466 604 241 886 891 883 828 391 401 808 681 337 102 560 636 162 566 120 449 373 73 64 833 441 27 362 68 563 103 61 46 612
int 70 340 258 565 443 40 752 437 909 412 31 884 941 174 359 930 240 291 527 38 808 317 984 773 615 500 571 710 694 241 16 83 962 381 453 638 166 432 916 323 917 592 324 927 152 598 721 37 645 101 62 505 981 221 772 162 922 733 539 815 791 771 666 903 52 60 198 420 955 536 510
double 71 5.1 0.53 5.45 9.39 5.43 0.33 4.19 4.58 0.83 9 9.45 7.84 3.79 9.97 7.15 7.95 3.26 2.26 6.08 0.24 5.96 4.17 5.5 8.96 7.72 8.38 6.59 9.81 4 3.72 2.09 1.31 9.5 3.45 2.32 9.27 2.96 0.56 4.31 1.85 0.43 2.79 1.92 1.81 2.86 6.02 7.27 9.76 7.23 8.27 1.16 1.77 4.82 7.26 4.34 9.87 6.65 5.79 3.6 3.59 3.97 7.08 7.14 6.69 6.83 7.55 5.76 3.43 0.87 1.21 5.73
double 72 0.83 2.91 5.03 6.19 5.01 6.76 1.9 4.03 9.42 2.99 0.22 6.47 8.4 5.71 3.38 0.16 9.43 4.26 0.97 8.58 6.31 8.5 9.93 2.05 9.56 1.74 2.43 7.57 7.04 7.38 6 0.27 4.05 0.15 7.69 3.9 9.82 4.1 4.13 4.11 9.21 4.72 0.13 4.44 5.88 4.65 6.35 7.1 8.41 3.42 5.61 2.77 6.74 8.67 3.43 3.32 6.99 1.73 9.88 5.63 5.11 9.11 7.42 6.83 0.87 6.32 3.13 2.12 3.39 2.8 5.6 7.28
int 73 452 888 648 398 315 413 304 480 401 44 522 800 314 72 807 46 906 180 952 629 324 476 376 281 730 362 208 578 519 871 780 427 174 75 418 680 463 177 976 18 582 165 653 779 495 868 842 256 612 554 450 453 558 335 272 809 823 801 74 638 531 937 332 834 661 895 234 485 785 808 179 533 717
double 74 0.32 6.91 3.1 5.78 9.87 3.76 4.79 9.17 9.55 2.81 2.58 7.78 2.75 8.58 4.05 5.49 2.03 7.41 1.24 7.5 7.52 0.09 2.84 5.79 0.17 9.01 9.78 5.2 4.39 5.14 5.41 6.33 3.82 5.76 8.57 8.01 1.57 8.27 3.6 7.79 7.07 7.21 0.04 5.56 3.77 1.68 2.99 0.68 9.14 7.14 2.43 1.1 2.52 5.99 6.54 3.96 2.83 1.06 1.41 5.37 6.03 0.98 6.66 1.88 0.76 8.32 2.67 9.06 3.91 4.01 9.64 8.52 6.65 8.79
int 75 638 900 766 415 831 770 952 479 890 474 130 875 176 504 562 454 904 131 15 741 428 605 936 968 65 93 250 611 363 684 51 901 731 983 497 367 919 219 289 883 541 193 4 187 457 824 576 854 269 247 281 521 676 150 122 334 318 162 326 188 233 542 407 558 549 617 674 61 772 221 898 902 588 478 58
double 76 0.51 7.75 0.58 7.62 0.53 7.98 4.36 7.09 6.82 9.89 6.51 3.28 8.19 6.91 0.37 1.17 0.56 8.58 0.67 1.53 9.09 5.43 8.26 1.39 8.56 1.07 4.25 1.26 9.32 6.07 4.04 2.69 0.44 1.12 4.23 8.33 4.52 5.83 9.65 5.6 7.71 1.51 9.11 8.78 5.54 3.64 4.92 7.55 4.31 1.74 9.39 3.88 6.19 4.73 3.5 5.15 1.36 8.42 3.71 4.08 3.6 0.18 1.72 9.08 9.97 2.07 2.59 0.95 8.46 9.15 5.22 4.24 4.61 3.32 1.87 5.61
int 77 780 387 174 430 4 19 759 400 730 945 564 309 826 861 99 340 944 398 168 854 160 582 485 791 896 849 138 842 628 47 700 930 286 887 637 972 357 25 871 757 824 994 646 983 216 237 219 464 981 167 605 539 667 969 472 970 739 365 189 372 521 119 57 247 901 672 222 949 260 448 651 693 892 781 133 535 106
int 78 710 998 391 556 170 658 885 594 645 210 19 121 275 434 394 948 44 429 135 598 425 248 995 568 898 550 808 940 39 452 386 70 597 969 384 417 279 18 209 437 323 587 826 273 617 895 141 160 947 95 335 980 558 378 668 572 226 873 97 786 732 374 551 377 486 533 148 938 365 815 296 891 412 104 878 69 399 721
int 79 346 159 260 810 253 604 196 403 849 804 481 269 271 77 708 772 49 399 796 175 332 733 773 575 320 204 990 32 652 576 404 313 864 983 15 536 273 932 92 465 380 765 357 249 290 997 397 354 350 880 583 318 903 169 602 855 817 289 868 928 179 54 789 872 495 776 245 252 267 939 39 963 16 109 381 681 194 595 382
int 80 142 428 737 687 211 940 219 897 993 139 779 395 532 380 205 260 185 751 421 788 977 275 783 718 855 575 665 885 292 41 483 509 707 770 386 812 561 541 170 14 314 446 609 778 798 832 642 32 448 566 226 163 755 363 490 944 517 543 58 990 882 782 165 237 439 7 653 221 854 455 202 802 374 857 288 159 46 377 459 695
int 81 412 85 909 284 501 698 777 187 211 200 265 756 922 236 689 663 195 474 917 509 419 962 369 686 437 862 817 261 958 739 731 590 38 938 658 399 425 470 848 735 871 571 173 709 568 555 508 217 279 490 428 607 113 963 40 660 140 706 959 856 553 309 178 506 955 347 723 612 696 793 353 844 747 606 975 596 605 415 378 530 481
double 82 6.89 5.94 8.78 0.36 5.82 7.36 7.79 4.07 3.5 1.28 4.74 3.67 3.07 7.8 8.1 9.55 4.85 5.97 2.71 0.56 3.27 9.34 7.16 6.41 3.89 9.58 1.69 2.67 2.29 0.74 0.88 3.3 6.45 6.08 5.91 4.86 8.97 5.62 6.43 2.24 0.98 8.39 2.85 5.85 8.37 2.61 8.85 6.07 1.49 0.7 5.78 3.95 7.54 8.45 6.35 5.86 2.76 1.54 7.15 7.73 1.2 7.55 1.21 6.01 2.3 8.04 6.2 9.79 5.88 3.44 5.57 2.01 7.17 0.91 6.88 7.22 2.87 7.45 9.26 7.2 9 5.6
double 83 8.34 8.68 9.76 5.91 8.77 1.85 9.61 0.73 6.46 1.35 4.79 7.13 4.86 2.3 1.11 8.13 3.74 6.38 9.98 5.01 4.95 8.31 3.52 9.8 5.72 8.43 3.28 9.01 5.87 3.81 6.94 4.29 6.5 7.71 0.77 7.66 2.08 6.14 3.97 2.76 8.92 9.85 2.2 4.34 0.01 1.28 1.26 0.16 2.81 3.15 5.03 5.97 4.73 2.37 4.8 6.93 2.82 4.78 5.55 2.34 9.28 7.72 7.45 7.06 7.33 5.02 6.53 4.08 2.23 5.41 1.13 0.31 9.24 3.07 5.18 0.67 9.77 5.33 5.19 5.77 8.84 9.62 2.59
double 84 6.56 2.38 1.88 1.64 5.69 4.85 2.31 4.65 7.83 6.2 6.41 8.77 2.24 1.44 0.61 0.95 6.13 3.5 7.63 0.44 8.88 8.17 3.95 2.98 8.44 2.54 7.14 3.65 8.54 0.91 4.8 9.8 0.83 8.61 7.91 3.46 6.29 1.24 1.77 7.22 5.94 4.05 6.57 1.3 1.21 5.44 3.86 2.03 0.89 7.66 5.45 9.38 1.28 6.61 8.59 5.58 7.81 4.36 8.01 9.03 3.77 0.78 7.6 3.68 9.62 2.36 4.79 3.49 7.44 4.84 3.7 9.7 3.39 8.11 2.59 4.41 4.92 7.53 0.36 1.09 6.23 1.2 3.47 7.88
int 85 496 304 230 742 889 60 718 471 849 157 753 122 558 919 321 567 254 907 798 93 351 882 483 867 25 80 66 908 763 694 368 267 84 12 840 11 96 927 612 803 789 602 546 568 232 326 982 639 265 767 165 956 238 781 598 327 317 669 420 510 301 235 452 170 790 13 806 761 892 382 756 202 626 569 150 797 940 847 341 449 600 367 846 776 110
int 86 715 467 254 969 44 438 782 662 566 49 285 499 862 682 359 901 521 627 67 132 820 818 980 613 893 498 964 726 317 157 26 747 677 424 602 760 791 564 478 866 822 218 998 273 643 560 951 31 692 828 738 929 511 102 325 233 833 249 864 966 20 227 858 734 655 914 904 321 245 827 906 407 486 212 45 305 668 425 581 610 61 755 768 443 636 18
int 87 105 199 226 692 65 528 147 603 156 333 776 581 633 501 618 446 493 10 895 224 342 8 441 388 285 72 243 991 171 235 723 128 588 190 137 54 365 384 964 183 927 789 469 45 743 942 984 429 386 52 266 706 639 749 624 591 173 994 590 135 972 742 129 477 615 698 637 409 265 563 694 395 489 485 90 398 162 975 574 211 826 764 745 658 951 69 453
int 88 190 146 114 297 636 476 262 253 415 304 998 343 752 991 688 192 523 409 577 668 741 992 2 916 272 876 817 220 584 847 228 518 346 173 439 650 286 612 602 177 30 101 426 499 172 777 554 870 74 840 877 150 949 413 382 498 913 825 606 960 722 459 744 280 293 616 494 279 967 517 646 758 915 686 693 787 807 945 3 362 332 373 258 515 861 667 381 337
double 89 6.46 4.09 1.86 1.81 0.8 2.57 9.34 8.37 8.54 5.25 0.13 5.48 8.7 0.03 6.22 2.68 5.13 6.16 9.43 2.89 0.46 9.57 2.9 8.16 3.52 1.24 6.68 6.49 7.37 6.24 5.99 2.15 4.23 8.71 0.53 9.67 2.84 5.53 2.23 6.66 7.6 9.12 8.93 5.19 1.89 6.67 9.94 3.93 4.98 4.8 0.61 6.08 7.42 4.4 3.07 4.36 9.4 7.06 9.29 2.45 9.96 8.13 0.29 1.45 7.18 7.34 2.03 4.1 6.31 5.75 0.58 7.54 0.72 2.17 4.94 3.44 2.61 6.44 5.86 7.05 1.7 4.52 9.02 0.71 6.39 4.39 7.11 0.95 0.69
int 90 15 7 975 643 712 155 320 714 860 702 914 903 821 899 589 497 601 552 353 880 506 894 566 667 526 481 330 632 508 862 280 626 835 32 12 504 76 246 384 560 392 286 627 212 833 389 839 269 988 439 409 787 521 749 968 311 698 387 333 162 687 871 283 6 194 167 762 469 838 670 158 844 79 514 153 259 828 796 980 801 123 454 334 294 429 765 994 790 794 69
int 91 637 942 744 889 486 206 533 26 552 603 12 894 540 176 462 787 192 426 627 280 311 286 180 131 986 511 46 946 869 724 355 489 156 215 504 341 492 377 684 554 396 218 796 605 555 951 320 809 927 923 789 781 173 393 160 965 906 343 409 39 840 896 303 73 265 739 238 678 169 235 726 940 497 669 487 702 6 333 243 691 892 763 152 195 877 224 764 879 601 845 226
int 92 136 256 639 66 357 271 117 408 322 395 540 732 445 875 114 210 356 814 221 986 570 894 562 544 822 865 123 162 229 289 525 235 625 791 545 568 160 60 608 718 614 62 701 478 484 590 243 404 797 884 195 419 274 756 977 474 789 418 505 37 347 118 768 81 649 416 135 193 281 414 890 12 918 995 111 584 426 489 613 329 781 115 487 816 397 13 721 144 161 885 80 793
int 93 511 775 415 976 435 997 707 215 305 397 612 317 263 653 43 78 499 589 329 156 914 599 568 134 935 803 393 666 985 576 295 51 310 445 26 418 99 713 131 759 315 996 90 613 541 769 638 702 753 562 756 659 106 252 794 136 866 852 72 831 604 361 571 564 788 296 187 818 141 763 360 148 319 355 948 311 661 313 8 282 580 463 105 940 964 192 228 749 219 431 30 743 894
int 94 839 125 550 246 439 122 385 364 104 323 572 891 537 501 541 780 660 925 799 648 644 6 102 953 886 231 808 762 739 907 457 944 153 313 903 7 238 309 945 202 357 248 157 378 608 354 855 318 982 617 108 714 64 756 236 181 32 70 317 701 749 823 305 20 635 320 605 400 768 51 500 683 875 261 603 894 268 12 322 549 943 156 583 695 771 615 863 386 73 221 474 419 930 794
double 95 7.73 6.92 1.19 4.86 2.83 2.62 7.88 8.49 8.54 7.75 6.95 0.49 2.66 3.77 3.24 1.27 2.33 0.3 3.1 3.73 0.83 3.37 8.2 8.98 7.66 3.54 4.7 3.39 7.98 7.43 6.59 2.47 0.91 2.99 4.96 7.33 9.79 5.03 1.21 7.74 6.13 4.87 4.53 9.69 2.27 1.73 8.09 0.88 5.56 0.37 4.9 1.7 4.62 9.63 2.28 0.53 5.64 3.79 2.24 3.06 1.78 0.22 2.56 8.64 1.64 3.7 9.84 9.25 7.05 9.19 1.08 1.79 9.78 5.14 0.12 3.11 6.45 0.42 5.59 0.31 3.34 3 1.22 0.24 3.96 7.23 6.61 8.47 3.67 5.33 1.72 3.81 9.45 3.94 9.95
int 96 150 384 442 645 418 559 380 823 675 231 652 445 927 156 679 953 713 473 148 962 842 318 90 952 552 569 120 179 913 334 589 149 774 520 791 718 297 814 29 366 644 889 622 30 758 991 822 705 183 924 932 309 858 525 777 420 815 113 937 461 954 496 578 441 105 268 829 77 856 200 769 210 808 634 94 993 403 641 59 116 987 610 933 240 339 56 192 870 488 223 508 365 458 543 106 617
int 97 816 169 22 382 136 557 506 949 368 54 770 882 329 462 778 964 742 434 282 549 212 100 252 2 402 218 808 805 829 191 391 360 948 672 493 471 442 255 63 984 980 365 661 407 362 541 584 586 708 249 613 683 581 271 389 884 833 303 155 482 785 404 717 309 88 865 170 465 892 730 759 148 324 774 379 767 677 428 614 227 285 441 654 905 781 229 426 197 295 976 223 283 680 775 555 797 184
double 98 3.27 5.46 2.11 6.95 4.86 4.68 3.32 7.1 9.83 1.24 8.37 7.91 2.54 1.66 7.52 3.09 1.69 0.21 7.82 9.39 0.02 0.94 5.99 9.89 5.71 2.65 6.61 9.02 4.93 0.46 3.14 3.11 5.64 8.57 2.87 2.34 9.74 6.53 8.53 6.43 6.33 7.11 8.35 1.31 7.69 2.12 7.64 3.48 6.94 0.9 8.86 4.88 1.44 3.7 2.02 9.81 7.47 5.44 4.75 4.52 8.61 4.16 3.22 5.18 0.11 6.69 0.15 0.17 5.17 1.91 1.73 8.74 6.13 4.5 9.12 3.8 6.39 3.4 5.81 3.33 9.31 8.43 2.32 8.49 3.3 5.85 6.18 1.65 4.07 5.98 0.51 4.65 0.31 3.29 9.73 1.41 8.23 9.17
int 99 262 558 252 819 70 280 845 354 233 10 499 468 268 516 622 871 112 579 936 62 324 875 61 152 631 459 629 997 238 708 285 704 277 83 149 917 224 632 963 654 307 824 347 148 623 651 868 403 839 301 244 125 718 434 959 215 885 782 837 964 641 681 255 590 844 445 128 526 521 81 878 901 538 498 904 870 472 705 679 694 404 586 690 109 637 333 500 867 129 855 587 960 989 613 789 794 243 852 604
double 100 6.91 2.76 0.21 5.33 4.59 4.63 6.15 4.31 0.22 2.82 3.02 4.49 7.62 6.65 8.39 5.87 2.94 5.18 9.55 6.75 4.69 8.25 6.57 2.85 0.32 5.32 2.73 3.77 6.48 6.77 6.72 7.16 1.77 9.72 7.3 6.23 7.77 5.8 4.52 4.17 0.75 3.84 4.1 5.41 5.11 4.66 6.27 0.34 5.07 9.63 2.89 0.44 7.12 3.11 2.03 4.14 2.65 8.52 5.7 3.87 1.69 0.8 2.07 6.73 5.85 4.86 3.81 5.21 5.4 0.18 9.92 4.73 4.55 0.1 2.69 5.22 8.42 2.01 9 0.59 0.6 8.18 8.79 7.58 1.14 8.64 1.04 0.15 6.06 4.99 0.04 1.68 4.96 9.21 3 8.04 7.39 1.49 9.74 0.25
double 101 8.65 9.12 7.12 8.94 7.96 0.04 7.69 9.59 8.07 6.77 1 4.09 9.76 7.14 2.41 0.56 4.24 3.01 9.29 9.7 8.47 8.13 2.48 6.22 9.43 7.64 1.92 6.07 4.31 3.3 3.58 2.63 0.28 1.11 2.37 0.85 7.05 1.18 0.5 0.78 6.1 4.25 0.99 8.85 9.82 3.12 9.37 2.58 3.24 5.24 5.51 9.21 8.34 8.08 1.46 3.87 8.57 7.66 8.25 7.9 3.66 3.77 3.9 5.92 0.25 0.83 2.08 0.73 4.47 3.49 8.72 7.57 7.25 6.89 0.3 3.11 9.08 6.33 6.02 3.21 5.95 7.02 2.2 8.41 3.23 3.62 0.55 1.78 0.29 2.45 2.76 4.42 8.37 4.71 5.99 0.05 6.15 3.14 0.88 5.49 3.91
int 102 767 649 586 199 730 512 934 407 31 569 45 158 178 743 593 153 896 829 183 160 691 680 875 38 920 841 755 678 835 713 784 827 655 129 511 860 824 40 564 385 832 165 904 704 582 604 414 80 795 856 154 803 20 11 957 357 454 202 644 462 466 493 679 780 643 653 244 505 224 765 186 617 166 77 939 806 206 613 161 145 207 677 455 970 72 260 742 723 478 597 944 488 991 179 822 690 830 495 986 733 629 782
int 103 863 63 87 595 659 873 214 55 330 430 840 494 899 368 125 351 846 356 737 817 938 13 465 380 172 284 654 778 412 144 49 234 401 598 996 630 998 518 287 143 345 243 809 703 390 550 548 154 594 477 941 82 911 364 483 353 519 572 776 218 671 826 281 859 774 582 804 35 286 38 10 781 722 388 725 939 632 438 599 521 800 943 402 702 724 910 726 991 731 274 442 619 904 958 775 223 339 639 441 524 564 252 844
int 104 474 87 793 111 956 598 813 983 209 990 333 950 787 566 250 378 359 613 208 672 167 779 445 505 650 991 116 353 141 274 14 164 224 939 828 179 341 763 151 834 114 83 688 948 565 653 51 533 904 278 493 823 379 711 531 344 254 406 744 799 777 177 488 642 497 771 829 300 408 853 175 881 892 52 419 780 383 414 750 882 738 915 340 463 699 226 952 782 97 633 993 720 713 443 843 464 67 963 579 969 645 609 347 523
double 105 7.96 9.38 7.37 6.53 7.12 6.81 7.35 8.67 4.61 6.87 1.69 4.5 1.18 8.16 2.96 4.53 5.46 5.3 6.29 2.59 2.09 7.39 6.63 2.51 0.82 2.44 0.78 7.89 7.69 0.41 8.92 5.91 5.85 6.01 0.09 6.22 7.8 7.32 0.29 9.18 5.1 0.68 2.5 9.25 4.51 3.55 9.37 7.45 0.15 2.7 7 2.13 1.07 4.44 6.16 3.09 1.41 2.29 2.77 1.54 5.31 0.84 7.5 1.73 3.03 0.97 1.81 1.64 5.56 6.36 0.34 6.85 4.79 5.88 8.11 9.2 7.65 3.68 1.66 3.16 9.76 0.59 6.26 9.98 4.93 6.33 2.57 5.27 0.81 6.1 5.87 5.76 6.68 2.11 9.73 2.84 4.52 3.33 9.21 0.62 4.99 8.17 6.92 0.54 2.58
int 106 570 305 792 283 620 760 686 864 729 86 560 704 547 374 617 369 107 138 923 977 24 160 565 362 284 390 427 651 543 317 814 443 59 2 176 710 833 533 714 353 287 882 616 926 519 635 62 754 246 122 17 357 734 1 761 351 752 682 899 958 125 411 950 175 402 301 240 49 852 321 366 8 984 790 400 865 970 781 841 118 266 397 624 324 208 575 914 838 460 998 583 342 935 495 213 797 61 220 292 394 217 43 632 195 326 829
double 107 1.09 4.04 3.22 7.02 1.78 6.14 3.96 9.24 6.45 8.4 1.04 2.25 1.65 9.81 3.83 3.86 2.53 1.53 4.43 1.15 8.15 9.54 4.4 1.28 4.66 0.83 6.63 7.37 7.03 6.87 5.53 4.05 0.05 8.57 0.01 6.46 2.03 2.27 7.95 5.88 8.77 8.29 9.23 8.62 8 0.2 0.91 4.19 4.79 4.92 3.61 9.04 7.64 8.87 9.47 9.26 7.16 7.71 6.97 6.26 7.36 3.64 9.79 9.2 1.17 0.78 9.19 5.03 4.54 5.15 1.54 0.37 0.95 2.99 6.66 8.36 3.2 6.95 9.82 5.72 5.85 5.91 2.56 0.9 4.62 7.31 4.49 3.38 3.99 7.23 0.55 7.44 0.28 4.11 1.34 5.35 9.88 5.08 8.32 8.44 7.85 3.32 9.49 9.43 6.22 2.37 7.66
int 108 363 752 798 344 606 375 97 329 671 206 934 56 961 171 720 716 729 888 172 958 587 62 745 857 733 983 863 330 178 668 32 911 14 411 165 575 210 915 726 769 966 900 600 440 390 472 840 514 501 609 245 891 267 169 856 653 84 194 998 385 878 399 459 205 898 532 566 758 738 864 517 825 491 530 843 608 308 503 439 456 759 75 997 567 248 704 10 968 370 24 586 986 237 839 737 681 301 391 756 772 854 698 345 621 287 520 672 244
double 109 2.4 7.63 2.37 8.41 1.23 9.85 0.55 2.21 6.89 7.6 5.73 8.59 1.6 2.14 8.83 5.95 0.79 0.28 6.79 0.05 1 6.16 2.33 5.68 5.76 8.13 1.66 4.56 9.19 9.89 9.25 5.64 2.84 4.3 7.56 2.87 1.53 3.52 9.61 6.94 4.94 5.32 6.83 1.07 4.86 0.19 0.56 7.19 0.65 7.14 9.48 2.83 5.79 7.57 3.18 4.68 7.84 0.66 8.42 6.42 0.16 3.48 3.85 6.12 9.64 9.93 9.2 5 5.9 8.16 2.65 2.9 6.32 1.22 6.75 4.11 9.42 4.91 0.39 3.01 9.16 3.77 3.12 8.68 8.3 3.86 8.62 1.63 1.72 5.28 1.08 1.09 5.16 2.15 4.01 9.67 0.6 7.87 9.96 3.59 9.41 9.79 3.76 5.65 2.56 9.83 5.99 9.15 0.73
