25 5 8 2 4 9 1
18 6 10 8 6 3 4 1
20 7 13 6 4 2 7 9 10
73 8 16 13 8 4 12 9 5 6
53 9 16 5 6 3 11 4 17 9 8
38 10 20 7 1 16 18 3 2 6 11 15
49 11 11 15 9 5 8 10 20 1 13 7 6
102 12 13 3 23 12 9 6 4 19 24 11 10 20
88 13 4 5 15 21 24 2 12 19 26 13 6 22 8
61 14 5 10 21 18 4 20 8 24 12 6 28 1 11 3
80 15 12 16 6 22 15 1 17 14 9 27 4 20 24 7 10
33 16 11 14 30 5 1 16 22 17 26 12 27 15 21 9 2 20
90 17 28 24 3 23 20 8 10 30 32 4 21 9 13 14 29 22 31
53 18 28 23 7 20 13 27 8 36 34 9 18 24 30 17 33 3 19 21
49 19 28 26 13 24 16 10 35 21 33 8 22 20 29 15 32 36 3 19 30
78 20 40 7 37 8 32 19 21 30 1 9 16 17 10 5 6 18 38 34 27 28
118 21 22 21 25 28 17 3 42 19 5 1 7 41 31 36 14 32 8 39 20 24 2
110 22 10 12 43 40 18 25 27 4 3 1 35 15 16 13 44 41 6 8 31 21 36 26
116 23 2 17 16 7 9 36 15 25 20 1 14 34 28 24 30 43 32 26 3 11 8 4 29
61 24 35 2 15 14 5 33 6 3 22 28 23 39 9 40 44 27 13 38 25 11 19 12 7 45
117 25 2 43 20 38 22 50 34 48 3 15 14 5 23 11 32 13 24 7 4 40 45 12 36 19 21
72 26 47 19 49 14 24 35 23 5 20 37 38 39 27 41 15 42 26 17 31 30 29 28 45 43 3 52
72 27 29 27 8 47 7 6 33 39 4 41 12 24 17 11 19 44 34 48 10 32 43 5 54 22 30 21 23
107 28 10 52 33 29 47 2 36 15 25 8 19 53 37 39 20 26 56 3 48 5 54 14 43 12 40 42 45 1
133 29 6 41 44 20 29 18 15 50 24 14 49 37 4 9 8 25 23 27 35 51 34 33 46 53 17 32 16 28 10
106 30 51 4 12 52 6 2 31 54 47 26 60 11 5 42 1 23 37 49 15 10 38 56 29 45 8 40 41 57 50 13
93 31 17 3 61 19 10 15 52 14 50 31 47 16 32 48 13 44 26 60 2 18 58 54 42 29 36 38 12 37 57 25 9
258 32 22 37 20 18 42 39 35 62 64 51 60 50 55 43 48 11 9 36 13 34 10 15 61 47 54 25 2 6 23 59 8 16
132 33 48 2 53 50 13 1 12 14 4 38 35 40 21 7 59 44 16 3 49 26 54 36 66 8 33 28 25 15 18 58 6 9 5
177 34 10 31 43 9 28 19 59 33 63 54 50 27 45 25 18 44 4 6 11 58 68 22 39 16 52 7 56 35 21 20 49 48 34 37
200 35 32 47 1 39 8 54 56 15 49 23 64 11 59 6 4 45 51 14 24 31 34 61 12 58 2 42 26 41 16 35 65 22 66 25 40
221 36 69 36 53 6 68 8 67 58 61 43 39 4 64 41 49 25 26 38 3 54 16 23 35 22 56 14 9 20 24 30 50 47 5 27 15 48
239 37 16 44 58 56 26 51 31 13 17 21 52 48 24 49 32 29 39 10 37 46 5 4 59 30 69 64 15 35 60 54 11 36 12 40 20 14 22
191 38 71 3 76 47 13 72 32 51 26 4 55 75 46 21 25 6 43 74 28 53 34 44 66 67 36 10 18 17 29 52 24 20 14 7 8 22 9 58
248 39 64 14 72 50 52 34 56 57 61 24 27 53 6 47 17 70 20 44 67 39 42 46 10 59 1 69 49 30 12 55 19 4 73 28 66 35 74 11 41
504 40 6 24 48 8 9 10 16 60 5 73 53 50 78 63 17 70 59 68 14 55 79 25 18 37 39 52 61 57 56 20 77 51 30 54 38 34 67 46 74 26
93 41 62 13 67 27 53 25 19 60 82 18 57 79 11 12 51 75 46 48 59 42 52 58 23 40 9 81 6 68 17 22 76 72 7 30 70 71 37 41 28 77 80
298 42 39 36 26 14 68 15 47 76 79 64 41 27 73 56 62 61 9 40 69 44 82 43 12 7 32 65 2 18 16 45 63 49 8 34 67 20 48 38 72 29 58 5
492 43 22 29 74 53 5 34 60 16 17 68 8 42 4 56 12 25 64 78 27 80 70 85 71 36 1 69 67 32 2 11 62 24 7 14 84 10 23 31 75 65 83 49 9
386 44 61 38 4 23 74 26 42 76 2 21 10 58 7 40 69 80 5 20 15 79 18 68 60 36 37 39 33 85 44 62 43 86 82 70 11 48 75 66 13 14 84 31 46 22
101 45 82 86 45 42 76 60 13 33 58 75 34 83 59 1 28 11 29 90 18 24 48 89 49 56 19 32 52 6 61 5 67 81 31 8 4 68 25 54 27 2 9 40 70 44 30
417 46 89 74 5 47 16 73 9 87 66 77 34 12 86 17 91 56 6 65 90 26 60 39 4 51 61 78 25 18 44 41 79 2 32 50 45 52 92 31 20 68 54 23 70 62 59 55
231 47 28 57 30 46 32 9 27 63 1 86 13 8 64 68 59 22 69 31 52 12 82 38 39 71 29 76 49 62 37 2 72 83 24 80 6 51 33 14 93 75 3 4 43 87 73 47 34
399 48 71 12 61 64 48 68 46 40 43 39 57 24 84 8 87 83 93 14 75 56 9 96 11 51 74 38 86 58 30 1 29 72 77 13 34 37 80 45 85 17 67 50 52 3 59 28 79 27
382 49 47 34 42 71 36 97 27 53 8 13 83 22 18 38 41 85 87 9 23 48 76 4 77 91 44 50 68 26 98 88 31 57 60 1 66 92 45 10 65 14 49 55 51 43 82 40 75 15 6
111 50 30 82 31 76 79 38 97 52 8 18 11 61 47 20 5 33 51 50 95 58 39 63 94 24 80 10 21 19 3 45 12 4 55 17 37 2 35 15 16 32 90 23 14 81 60 40 9 93 85 77
194 51 90 87 88 46 28 37 81 12 73 45 57 74 99 47 24 3 19 41 14 32 42 78 29 21 89 63 34 50 9 72 85 58 27 93 71 98 86 2 43 35 94 39 36 92 33 76 16 82 68 4 97
207 52 97 22 26 72 18 50 35 57 56 100 82 12 6 81 85 54 59 47 20 95 69 80 73 48 94 67 74 17 29 96 87 71 98 41 70 61 15 51 103 38 8 60 14 45 1 44 63 99 62 49 16 3
240 53 72 65 82 75 30 33 101 10 4 95 104 89 78 34 67 7 6 26 40 28 49 27 38 21 3 19 55 105 51 97 23 2 66 5 61 64 102 39 106 8 73 12 81 9 74 37 16 42 91 54 96 87 68
386 54 3 106 18 73 69 26 99 103 2 27 96 80 46 62 6 85 84 54 65 11 25 63 21 83 60 98 93 20 8 81 91 67 48 31 71 29 35 4 68 30 7 53 66 72 45 51 14 76 107 82 28 12 19 52
336 55 89 92 52 10 3 54 72 68 58 96 93 83 9 61 67 99 66 76 6 21 104 64 84 41 19 35 33 88 11 98 46 30 73 107 15 87 97 78 49 14 44 55 25 37 38 53 79 106 2 59 18 42 13 22 31
176 56 55 34 42 79 37 39 12 56 98 103 67 15 75 5 97 80 27 66 52 1 73 99 54 16 105 31 85 62 109 96 4 50 43 40 92 68 21 71 93 44 13 48 3 36 94 2 35 41 29 23 26 95 106 33 6 47
262 57 52 79 25 64 39 62 92 22 103 32 96 65 17 6 87 90 74 71 86 28 3 85 40 102 12 70 98 5 68 10 99 30 38 60 47 36 63 105 100 2 114 104 51 19 84 24 23 73 58 43 113 82 13 48 109 44 42
346 58 6 1 65 80 89 102 16 88 14 78 96 99 93 28 2 85 18 15 27 58 72 106 56 81 42 91 115 61 46 101 5 39 90 110 50 113 12 67 9 77 21 59 94 13 43 64 105 74 112 38 68 95 10 47 55 87 57 45
406 59 68 87 79 46 118 5 114 59 27 28 92 55 69 37 75 31 3 110 109 106 67 78 58 111 71 100 61 17 89 102 49 29 93 88 45 24 15 115 60 25 105 70 7 13 53 16 77 50 96 84 14 39 76 107 36 104 112 4 6
232 60 104 39 50 99 42 61 54 67 120 14 86 30 22 101 9 109 98 43 81 41 53 23 47 6 3 17 73 56 49 79 24 83 25 11 113 59 117 34 33 102 108 28 48 119 55 105 114 45 58 2 76 118 37 85 89 110 46 68 106 70
441 61 26 74 101 36 27 9 95 11 5 54 76 89 98 6 88 102 86 14 50 49 48 19 64 91 115 90 33 21 66 100 94 120 81 47 104 42 41 85 38 2 97 71 46 61 113 82 1 112 75 8 65 43 105 35 39 52 106 87 58 44 122
307 62 106 96 78 80 55 35 111 24 69 41 48 107 20 99 23 8 45 120 89 110 9 18 93 71 116 90 68 21 122 79 112 63 65 44 36 97 117 118 6 43 52 73 39 84 67 27 59 1 121 103 32 77 124 104 53 3 56 54 94 105 12 74
651 63 108 39 30 119 120 28 91 84 21 87 117 47 103 105 76 46 93 4 73 96 52 106 89 85 97 110 70 101 37 44 15 121 79 58 100 98 59 90 34 109 88 75 118 45 55 72 6 86 20 14 126 63 64 41 29 123 32 3 36 17 22 83 66
674 64 75 19 85 115 119 7 29 81 52 93 79 46 74 101 63 48 6 61 90 27 16 44 64 65 108 103 78 88 20 53 18 45 89 70 13 60 126 30 123 111 105 38 127 51 96 62 58 36 68 97 5 21 22 10 110 92 99 34 106 69 114 54 104 128
481 65 128 37 30 120 47 20 33 105 74 89 114 6 34 67 51 65 91 39 106 86 11 68 127 111 44 98 104 118 82 80 69 61 27 46 38 66 18 112 7 110 42 59 101 93 56 32 48 125 5 45 108 35 124 3 103 72 121 123 84 26 109 49 113 83 77
206 66 4 31 98 84 91 55 24 14 111 5 39 45 78 43 9 104 125 67 122 11 53 123 103 82 72 63 37 40 93 20 23 57 49 64 28 26 88 80 69 12 56 46 96 101 25 18 81 29 109 76 1 51 33 121 61 108 65 102 17 15 107 68 47 3 119 116
265 67 57 51 75 109 107 60 98 15 72 20 96 120 37 78 40 55 65 113 9 73 3 106 110 90 49 117 62 81 18 114 91 14 67 129 119 108 94 82 44 131 112 102 22 128 71 56 19 85 23 48 45 126 93 68 133 39 123 77 21 115 79 24 8 12 88 11 13
245 68 63 135 10 50 44 131 55 15 85 46 65 73 54 115 134 17 119 124 114 51 59 99 68 86 110 87 53 38 8 13 29 84 31 34 109 111 106 12 1 23 127 61 42 125 120 62 113 97 112 117 76 21 93 14 2 33 82 22 101 91 5 67 27 107 102 60 45 103
481 69 100 13 32 76 54 122 116 102 123 49 37 2 51 72 121 60 79 39 27 57 35 40 4 44 138 20 86 137 17 48 43 6 108 1 124 21 7 88 34 96 125 117 5 70 95 8 58 81 50 24 26 46 23 115 71 28 136 15 66 114 103 87 52 128 127 74 80 104 129
567 70 123 44 134 14 74 57 5 16 12 118 73 1 49 34 23 139 9 63 61 119 64 32 19 94 93 60 90 4 87 2 95 116 84 17 103 108 7 133 115 109 102 129 91 101 20 59 35 97 39 6 37 104 30 113 29 47 52 11 45 51 70 26 38 77 18 83 24 82 120 122
413 71 127 115 96 93 73 142 116 3 78 30 35 104 61 109 8 21 141 6 56 136 77 133 120 88 125 131 97 103 23 117 31 140 68 54 27 36 76 90 11 135 65 113 111 46 44 110 50 83 13 62 7 37 121 16 106 137 126 18 47 10 49 75 69 122 89 98 55 81 64 128 70
245 72 89 52 136 79 99 15 111 5 130 11 82 42 116 84 144 62 40 107 102 21 106 74 100 14 13 12 1 27 135 88 129 67 124 26 24 131 114 53 75 58 4 101 85 96 25 139 108 69 105 113 137 23 55 98 68 47 18 94 22 93 20 73 104 71 117 86 97 16 110 60 41 8
586 73 54 141 63 48 127 20 137 72 50 51 39 31 66 74 3 29 49 140 6 136 108 78 75 120 69 60 25 71 27 36 80 47 34 84 115 33 2 85 86 18 100 122 129 30 123 124 56 132 144 53 116 64 131 32 87 61 13 24 77 106 79 112 40 142 97 101 28 125 76 109 105 57 93
482 74 116 72 58 11 124 126 25 115 36 74 137 118 91 55 35 142 98 112 13 71 47 147 52 64 79 85 97 62 7 133 117 42 134 108 122 14 26 82 109 106 66 6 130 60 54 105 129 131 102 46 16 132 119 57 138 21 23 65 31 39 92 18 15 61 19 29 103 70 53 40 10 38 49 86
302 75 78 93 53 27 146 67 131 40 145 50 126 125 81 41 96 8 52 119 135 49 22 121 4 43 62 113 15 11 106 128 144 74 105 133 30 75 122 101 54 89 82 108 17 111 110 51 116 87 32 48 72 47 99 141 56 34 42 98 59 14 90 84 23 57 79 143 7 114 2 44 137 24 21 36 85
588 76 74 102 127 30 20 62 71 24 125 83 130 69 78 43 22 46 99 126 79 152 98 34 114 94 6 19 50 44 113 7 110 92 122 118 148 106 75 48 15 14 51 42 81 132 88 151 107 10 29 90 66 53 149 138 140 116 97 26 52 47 139 64 70 143 37 104 49 112 121 89 87 60 16 123 124 21
281 77 48 88 55 77 6 153 30 119 51 56 105 23 123 106 5 47 147 81 82 49 102 99 40 66 44 64 24 111 139 118 57 8 25 14 96 149 95 54 68 71 52 120 150 87 100 84 97 143 138 122 15 21 151 43 65 27 148 107 59 73 89 39 63 131 86 128 76 29 4 93 112 1 46 11 45 61 12
312 78 141 92 99 52 4 7 74 56 117 30 37 24 106 118 41 57 34 81 51 96 35 129 69 82 80 23 61 95 139 121 54 39 12 151 98 122 154 49 59 119 68 18 71 63 16 26 132 115 60 120 140 33 146 55 45 97 111 2 156 8 113 145 155 28 10 9 126 58 150 86 5 66 50 116 105 27 43 130
282 79 138 120 139 33 99 140 102 119 9 69 77 25 126 15 29 37 131 104 59 11 152 100 89 42 143 26 1 128 123 35 52 36 106 127 71 62 83 145 108 19 7 16 14 107 63 151 88 147 4 82 118 134 17 136 144 76 30 49 39 3 111 54 22 109 130 132 23 142 74 73 116 46 133 68 141 110 122 124 94
281 80 112 32 137 110 13 69 90 148 124 156 93 102 132 20 123 76 6 71 98 79 56 153 133 145 142 74 36 3 66 140 22 75 135 77 96 68 33 84 42 101 10 60 157 63 151 61 100 25 91 114 50 136 104 160 2 45 41 143 58 24 51 116 89 81 149 95 21 57 38 107 117 15 130 120 52 83 23 159 115 5
436 81 76 101 70 54 108 156 151 127 135 40 139 12 137 157 10 99 5 58 17 46 128 105 112 8 148 1 48 66 107 142 9 23 61 92 95 146 144 41 145 90 34 6 20 50 56 136 59 80 119 47 21 18 74 132 49 159 161 155 35 115 133 149 97 27 121 67 158 28 110 96 36 102 117 44 138 125 122 93 153 104 24
377 82 67 35 92 111 44 151 13 130 106 147 120 134 101 138 54 14 158 104 32 99 37 26 43 142 122 80 81 65 40 7 98 95 6 140 12 100 93 8 49 53 4 55 83 28 127 131 87 75 152 145 116 1 85 118 10 110 88 69 38 78 63 42 22 19 25 41 123 23 159 113 70 108 17 50 71 153 72 30 51 136 34 59
324 83 1 13 127 52 44 77 145 17 125 134 96 75 162 104 6 113 84 130 61 166 83 36 148 118 47 139 120 40 153 76 35 73 70 66 20 43 85 115 154 150 109 23 126 141 155 67 14 18 24 30 33 28 163 2 88 82 65 99 94 136 112 123 9 8 45 11 142 98 27 124 147 15 39 110 156 62 87 81 151 57 25 132 42
511 84 83 95 108 36 57 141 144 110 135 161 157 41 151 100 159 13 53 19 45 168 167 29 101 72 56 63 82 76 90 43 60 67 5 31 158 70 152 58 99 65 156 48 98 88 128 40 134 105 68 47 109 16 154 42 91 23 6 125 118 97 132 153 62 59 86 160 131 111 165 92 28 106 85 113 142 150 117 136 93 10 124 21 89 3
259 85 155 92 126 72 133 88 60 98 100 143 127 89 97 39 19 28 156 68 121 14 8 76 93 122 56 38 169 66 12 116 107 13 35 114 101 95 99 15 6 110 112 102 145 26 29 119 157 152 147 77 54 55 58 163 22 132 144 159 170 2 96 11 113 84 62 148 162 153 151 83 3 149 165 103 90 111 57 64 158 87 75 9 50 124 34
549 86 167 97 8 102 140 116 3 50 126 129 59 145 83 37 29 95 75 60 138 24 32 152 6 117 160 124 168 135 2 101 43 120 20 70 48 31 22 23 46 127 10 9 115 54 119 118 164 114 76 58 88 25 137 130 105 150 147 84 122 142 53 73 141 94 169 162 47 139 151 103 155 7 109 36 136 12 100 62 40 26 85 81 86 93 104 65
472 87 33 126 31 173 54 110 125 36 131 157 113 7 63 155 61 24 86 22 97 38 69 16 99 79 5 108 62 67 89 28 144 1 47 95 165 169 37 153 104 130 146 87 114 147 129 109 3 76 17 25 140 141 27 6 30 41 159 18 64 107 134 156 123 112 35 70 51 13 164 45 90 158 94 137 174 166 171 85 65 170 120 46 81 39 102 4 92
553 88 65 66 45 114 146 106 58 122 172 119 64 123 103 67 101 3 142 46 20 111 76 135 91 68 171 113 1 161 137 10 74 43 14 95 104 153 84 28 112 61 148 5 75 24 42 108 73 151 120 134 54 36 4 15 19 138 143 35 176 121 17 92 12 9 88 2 11 145 89 87 132 50 152 21 163 47 124 26 27 80 32 162 7 53 72 169 127 131
568 89 99 37 160 135 133 1 12 156 25 142 9 16 118 52 124 53 19 171 140 23 164 70 139 100 122 128 114 169 51 178 47 95 24 132 17 20 149 155 159 119 138 29 8 147 102 96 73 4 27 125 150 92 36 129 166 65 106 93 79 77 107 104 97 86 44 131 48 151 38 5 157 6 34 30 59 88 146 172 28 15 94 31 177 152 42 158 40 78 110
422 90 174 139 141 99 124 149 178 51 31 47 25 153 146 57 148 103 111 122 134 136 18 160 151 52 172 23 144 43 64 59 131 179 44 98 29 12 6 156 79 130 102 94 77 169 150 58 27 5 34 24 170 113 42 73 83 115 110 50 78 69 117 37 88 107 41 167 105 120 90 40 48 66 176 11 76 54 152 38 7 82 104 75 14 72 20 17 2 22 112 8
820 91 106 44 39 74 32 109 93 31 153 48 64 129 94 26 37 148 72 9 63 154 5 163 155 112 59 27 55 142 171 161 11 162 21 24 57 35 103 111 132 34 175 46 73 160 123 97 108 43 104 96 121 176 181 95 110 23 150 29 30 173 139 84 127 105 134 86 172 54 58 14 79 25 83 80 120 124 91 92 51 130 78 174 36 180 49 99 102 141 8 47 61
774 92 93 172 150 131 16 36 64 54 12 3 90 116 17 74 80 126 164 2 9 103 4 176 124 100 127 171 32 142 147 5 158 161 143 8 37 109 156 108 159 71 11 181 28 160 115 60 182 169 25 175 39 136 73 59 145 141 104 78 94 177 102 21 72 6 30 26 23 52 168 38 118 50 85 180 95 56 98 110 121 96 76 134 58 87 154 133 178 49 157 65 120 111
842 93 42 161 60 87 101 27 16 7 85 132 21 72 125 43 8 98 172 159 4 154 55 129 113 182 80 89 166 162 32 36 24 119 12 178 25 63 46 142 99 177 90 146 17 65 110 163 23 149 62 133 13 109 105 122 57 160 74 123 69 148 103 6 14 169 1 28 58 18 35 136 66 56 10 20 78 147 121 145 114 9 73 84 41 26 45 97 81 144 15 158 5 38 117
151 94 4 26 71 20 46 34 50 143 30 7 69 70 98 6 17 173 57 150 131 68 106 73 166 78 134 136 170 25 149 91 96 54 111 32 185 148 13 167 94 155 141 92 118 113 3 40 181 144 176 15 55 161 1 132 28 36 48 142 41 153 65 124 168 61 72 107 112 16 128 172 88 108 160 14 159 121 137 95 51 75 100 49 39 157 22 8 52 60 19 76 42 10 103 86
299 95 159 20 83 151 12 187 59 148 124 150 88 153 182 63 144 57 51 104 177 91 87 179 185 186 73 45 90 44 40 66 119 11 142 3 15 89 190 146 77 72 188 26 168 62 105 149 170 32 18 99 92 16 54 14 52 166 141 34 158 75 154 28 180 76 17 64 103 107 8 172 189 19 35 50 96 183 27 112 173 71 43 129 140 2 60 138 42 46 80 10 48 143 176 130 93
347 96 144 186 8 27 2 68 135 118 165 99 112 139 15 190 32 62 113 124 153 160 143 51 154 130 191 111 148 183 178 137 18 98 78 56 64 7 108 82 14 80 45 127 136 114 173 138 169 10 42 182 60 167 103 102 166 94 116 48 16 129 88 39 11 75 179 3 101 25 84 29 141 23 1 176 40 161 41 66 172 89 81 26 181 140 36 122 19 49 5 12 168 79 180 150 55 4
538 97 49 23 108 73 122 112 57 194 176 166 60 71 89 154 74 142 22 91 137 87 76 18 99 41 107 13 26 100 126 124 193 19 139 92 117 173 4 36 82 114 90 33 31 116 68 133 132 55 88 180 47 28 32 155 42 44 118 34 53 187 93 135 64 67 151 129 20 81 6 191 39 152 84 77 159 174 25 14 27 121 101 104 29 59 12 98 186 10 179 181 85 61 164 9 56 35 147
263 98 113 105 186 175 124 131 3 6 39 130 95 51 70 84 135 21 43 35 141 157 18 58 66 25 142 164 96 162 171 98 85 73 64 92 23 33 161 46 118 89 147 173 40 82 28 117 185 107 126 97 74 169 129 193 56 77 65 177 94 59 182 120 67 115 110 195 153 111 81 87 116 106 78 49 53 45 109 121 151 112 5 1 163 167 11 24 101 179 55 194 170 103 122 61 71 69 174 37
394 99 15 82 49 24 154 168 27 62 144 14 164 112 66 143 3 40 125 136 18 53 92 86 158 44 9 161 117 132 1 43 128 34 23 190 85 183 163 2 182 131 41 6 165 25 65 137 186 71 81 37 184 56 72 181 123 151 129 74 91 155 157 52 99 69 45 135 159 87 139 146 127 187 138 130 50 46 122 58 104 36 20 96 115 160 4 113 83 17 21 47 54 95 149 197 38 94 147 61 189
427 100 109 190 83 50 36 69 127 149 41 72 119 118 42 18 198 161 120 107 117 194 136 197 103 166 47 23 150 45 188 163 138 174 98 114 6 142 63 28 46 126 22 153 100 192 54 62 178 133 19 91 86 189 124 193 29 170 13 140 139 158 130 113 129 56 40 164 15 30 195 106 65 32 93 85 66 134 4 55 171 115 183 135 123 97 108 9 52 37 73 38 81 51 102 182 64 165 104 151 184 146
433 101 56 99 67 127 180 128 135 93 119 74 82 143 142 178 145 112 166 147 6 5 111 115 78 33 126 140 65 138 186 199 38 125 52 95 122 191 1 120 116 149 86 136 171 169 167 158 104 69 55 124 61 132 123 70 196 96 98 109 14 17 172 20 113 174 141 18 108 58 107 195 162 179 66 151 27 103 189 2 49 26 34 118 75 156 51 114 176 13 168 48 184 81 85 175 46 117 100 22 198 41 43
330 102 106 137 15 24 61 141 113 31 20 73 74 185 195 197 131 120 58 94 64 150 29 44 122 85 105 41 79 48 107 99 47 136 114 49 194 90 70 60 118 142 110 7 119 172 27 202 112 34 144 182 128 171 163 181 179 35 10 65 30 54 189 9 108 76 177 159 57 1 45 63 132 96 93 84 91 97 173 167 168 180 188 39 117 161 28 12 33 174 204 78 82 143 126 191 154 140 111 89 86 196 170 201
964 103 63 111 165 40 42 199 189 187 127 32 33 202 56 26 136 131 48 123 178 104 193 103 195 12 15 31 85 181 152 139 168 112 151 108 20 60 3 159 204 38 121 91 166 129 145 64 192 201 107 47 79 23 37 180 51 58 2 114 9 174 172 144 28 196 98 116 141 147 122 90 184 160 50 44 170 75 25 72 97 34 154 142 186 59 16 185 177 119 182 14 46 86 30 77 10 18 171 138 6 71 8 155 55
255 104 106 78 22 89 55 71 16 198 35 23 196 94 122 183 167 195 168 207 137 74 182 102 80 66 139 175 75 51 132 177 108 110 43 45 13 186 151 160 53 120 165 141 179 59 30 95 38 47 26 36 176 191 192 202 7 121 201 194 39 93 33 187 63 169 138 119 2 12 56 181 61 92 126 142 6 48 14 208 44 134 180 27 130 162 185 49 200 199 70 90 205 8 86 170 41 166 57 96 164 178 82 133 111 161
